-0.356045 0.396554 0.846154 
-0.324241 0.419007 0.848116 
-0.397550 0.430905 0.810108 
-0.375065 0.457766 0.806087 
-0.341436 0.352670 0.871232 
-0.320952 0.345255 0.881924 
-0.333329 0.467026 0.819011 
-0.343481 0.531293 0.774434 
-0.378165 0.377107 0.845448 
-0.343001 0.320622 0.882922 
-0.317812 0.510021 0.799296 
-0.307267 0.468890 0.828088 
-0.297962 0.388771 0.871823 
-0.301632 0.345044 0.888799 
-0.364570 0.316591 0.875705 
-0.403767 0.536543 0.741009 
-0.333941 0.568612 0.751774 
-0.422589 0.470309 0.774744 
-0.408756 0.391509 0.824402 
-0.360715 0.602330 0.712098 
-0.285944 0.444896 0.848707 
-0.284802 0.519688 0.805489 
-0.316750 0.583887 0.747493 
-0.301458 0.548561 0.779874 
-0.423683 0.526287 0.737235 
-0.287591 0.288914 0.913137 
-0.319690 0.267683 0.908925 
-0.299873 0.271000 0.914678 
-0.386277 0.319029 0.865454 
-0.411959 0.364266 0.835225 
-0.349933 0.275062 0.895482 
-0.273686 0.306171 0.911787 
-0.330573 0.630070 0.702662 
-0.275526 0.349426 0.895537 
-0.265604 0.402183 0.876187 
-0.412213 0.584898 0.698552 
-0.375613 0.624349 0.684911 
-0.430923 0.411962 0.802865 
-0.269932 0.461386 0.845139 
-0.337578 0.688886 0.641464 
-0.432917 0.501672 0.748938 
-0.297013 0.583763 0.755648 
-0.393153 0.300018 0.869149 
-0.416948 0.343167 0.841660 
-0.364938 0.272635 0.890219 
-0.291461 0.208111 0.933670 
-0.369636 0.678302 0.635040 
-0.345189 0.720293 0.601683 
-0.271666 0.551543 0.788669 
-0.254420 0.322791 0.911634 
-0.415051 0.597855 0.685786 
-0.254367 0.513568 0.819478 
-0.250650 0.469467 0.846626 
-0.287662 -0.281651 0.915381 
-0.434246 0.495899 0.752007 
-0.278226 -0.174059 0.944613 
-0.276050 -0.281181 0.919094 
-0.278395 -0.348619 0.894965 
-0.285245 0.618217 0.732422 
-0.264842 -0.142906 0.953644 
-0.289188 -0.352728 0.889917 
-0.272637 0.214768 0.937840 
-0.316540 0.654438 0.686668 
-0.246638 -0.623247 0.742114 
-0.250856 -0.599918 0.759717 
-0.298080 -0.327306 0.896671 
-0.326885 0.745949 0.580264 
-0.247436 0.411697 0.877086 
-0.243749 -0.577673 0.779025 
-0.293869 -0.231078 0.927493 
-0.260075 -0.623659 0.737164 
-0.265901 -0.327668 0.906603 
-0.260458 -0.195773 0.945428 
-0.314880 0.701550 0.639279 
-0.313277 0.188632 0.930739 
-0.249453 -0.668375 0.700748 
-0.295599 0.188125 0.936606 
-0.236079 -0.635968 0.734719 
-0.367865 0.697808 0.614605 
-0.428952 0.395480 0.812155 
-0.262389 -0.578489 0.772335 
-0.292909 -0.417468 0.860189 
-0.253842 0.222389 0.941333 
-0.266060 -0.685848 0.677366 
-0.274740 0.591555 0.758011 
-0.409424 0.617525 0.671591 
-0.230554 -0.594401 0.770411 
-0.268272 -0.465063 0.843650 
-0.250475 -0.097312 0.963220 
-0.256910 -0.439397 0.860772 
-0.232829 -0.664468 0.710121 
-0.220287 -0.554727 0.802342 
-0.316624 0.740259 0.593099 
-0.272108 -0.054089 0.960745 
-0.229658 -0.614739 0.754555 
-0.235383 -0.692511 0.681926 
-0.258055 -0.024001 0.965832 
-0.304580 -0.324198 0.895616 
-0.305196 -0.431955 0.848687 
-0.297450 -0.478657 0.826082 
-0.388636 0.269966 0.880955 
-0.329065 0.779771 0.532609 
-0.273570 -0.628600 0.728026 
-0.252498 -0.553054 0.793963 
-0.273645 0.636392 0.721196 
-0.242358 0.237277 0.940724 
-0.299764 0.667517 0.681588 
-0.430967 0.472545 0.768745 
-0.360915 0.235654 0.902334 
-0.223513 0.440936 0.869263 
-0.351474 0.934806 0.051034 
-0.252259 -0.354774 0.900278 
-0.332883 0.933396 0.134016 
-0.246486 -0.175641 0.953097 
-0.414688 0.331894 0.847278 
-0.335132 0.941363 0.039015 
-0.234069 -0.549728 0.801879 
-0.316138 0.814431 0.486579 
-0.261933 0.183087 0.947560 
-0.346037 0.744883 0.570445 
-0.277094 0.167095 0.946202 
-0.305850 0.815901 0.490675 
-0.258827 -0.508962 0.820954 
-0.300062 -0.240067 0.923218 
-0.341493 0.932213 0.119841 
-0.275835 -0.673510 0.685783 
-0.242692 0.551159 0.798326 
-0.270653 -0.543867 0.794327 
-0.344899 0.938583 0.010307 
-0.234890 0.325065 0.916057 
-0.293005 -0.544136 0.786170 
-0.417717 0.567741 0.709353 
-0.321183 0.811437 0.488274 
-0.301030 0.791267 0.532237 
-0.305275 0.728524 0.613237 
-0.314846 0.944302 0.095736 
-0.351362 0.935222 0.043630 
-0.316185 0.935844 0.155638 
-0.236907 -0.517494 0.822238 
-0.242241 -0.725254 0.644458 
-0.344083 0.933604 0.099950 
-0.278047 -0.590967 0.757264 
-0.306399 0.863525 0.400556 
-0.238269 -0.071862 0.968537 
-0.240189 -0.467166 0.850920 
-0.257936 -0.755434 0.602319 
-0.223007 -0.695899 0.682637 
-0.226264 0.238987 0.944293 
-0.222121 0.389833 0.893696 
-0.266087 -0.728901 0.630794 
-0.366951 0.701737 0.610665 
-0.312062 -0.406148 0.858872 
-0.254656 0.048724 0.965803 
-0.264212 0.139217 0.954364 
-0.246200 0.126843 0.960883 
-0.239121 0.175908 0.954923 
-0.253129 0.622941 0.740182 
-0.322823 0.946336 0.015307 
-0.279894 -0.062804 0.957974 
-0.262080 0.096748 0.960184 
-0.326069 0.945316 -0.007510 
-0.303134 -0.544889 0.781796 
-0.307368 -0.473664 0.825329 
-0.269994 -0.718043 0.641497 
-0.220209 -0.532041 0.817582 
-0.241201 -0.349578 0.905327 
-0.236890 0.577636 0.781166 
-0.280660 -0.624438 0.728909 
-0.268093 0.017714 0.963230 
-0.223100 0.495848 0.839262 
-0.279979 0.682063 0.675575 
-0.210429 -0.611910 0.762421 
-0.220923 -0.500034 0.837352 
-0.283961 0.127393 0.950335 
-0.209304 -0.647497 0.732762 
-0.266972 0.665991 0.696550 
-0.294315 0.158892 0.942407 
-0.410546 0.383874 0.827099 
-0.300164 0.951775 0.063450 
-0.224345 -0.453619 0.862496 
-0.296663 0.942793 0.152094 
-0.241484 -0.780816 0.576205 
-0.321563 0.803575 0.500863 
-0.309821 0.863206 0.398606 
-0.275075 0.088224 0.957366 
-0.136078 -0.715257 0.685486 
-0.227667 -0.103252 0.968249 
-0.132509 -0.711659 0.689915 
-0.289185 0.837823 0.463061 
-0.299896 -0.216047 0.929186 
-0.387695 0.649214 0.654380 
-0.302563 0.933516 0.192360 
-0.337070 0.941479 -0.001174 
-0.198095 -0.545846 0.814131 
-0.419899 0.497140 0.759300 
-0.133564 -0.715404 0.685826 
-0.295874 0.902371 0.313344 
-0.314901 0.164196 0.934814 
-0.127084 -0.713236 0.689307 
-0.333644 0.766979 0.548110 
-0.303235 0.912664 0.274029 
-0.229989 0.122849 0.965408 
-0.329395 0.938037 0.107634 
-0.136339 -0.723299 0.676942 
-0.311347 -0.355540 0.881280 
-0.138744 -0.724494 0.675173 
-0.312521 0.934180 0.172157 
-0.305341 0.898306 0.315931 
-0.207045 -0.674675 0.708482 
-0.310741 -0.440115 0.842460 
-0.277680 -0.658190 0.699771 
-0.377405 0.244728 0.893126 
-0.210956 0.345972 0.914221 
-0.309420 0.928713 0.204334 
-0.252219 0.653307 0.713845 
-0.200793 -0.524073 0.827665 
-0.210939 -0.488188 0.846863 
-0.137575 -0.715673 0.684752 
-0.228165 -0.791306 0.567253 
-0.262167 -0.774959 0.575072 
-0.265263 -0.733729 0.625521 
-0.133764 -0.711871 0.689454 
-0.395645 0.296849 0.869106 
-0.226930 -0.334624 0.914620 
-0.276361 0.001650 0.961053 
-0.270536 -0.693301 0.667940 
-0.268095 0.823145 0.500558 
-0.138023 -0.733866 0.665125 
-0.393976 0.593800 0.701558 
-0.208074 -0.701437 0.681683 
-0.281912 0.930714 0.233017 
-0.188029 -0.641088 0.744077 
-0.227140 -0.197506 0.953624 
-0.305385 0.889290 0.340445 
-0.214181 0.259794 0.941612 
-0.260939 0.710140 0.653920 
-0.336563 0.941243 0.028053 
-0.214387 0.073165 0.974005 
-0.302788 -0.560768 0.770622 
-0.203452 0.296303 0.933173 
-0.311265 0.821735 0.477353 
-0.124444 -0.712115 0.690946 
-0.183347 -0.571698 0.799716 
-0.209658 0.518811 0.828782 
-0.259657 0.739396 0.621186 
-0.396193 0.328920 0.857230 
-0.215768 -0.154969 0.964069 
-0.304706 -0.486726 0.818689 
-0.282456 -0.052168 0.957861 
-0.252218 -0.826618 0.503080 
-0.242468 -0.827527 0.506368 
-0.281288 0.049013 0.958371 
-0.276112 0.890088 0.362636 
-0.356036 0.201915 0.912397 
-0.211653 -0.746911 0.630339 
-0.220724 0.594034 0.773566 
-0.133342 -0.713057 0.688309 
-0.302297 0.916189 0.263085 
-0.258432 0.768776 0.584976 
-0.128414 -0.716240 0.685937 
-0.132891 -0.720801 0.680284 
-0.326611 0.945156 0.002256 
-0.130359 -0.739549 0.660358 
-0.135809 -0.719243 0.681356 
-0.300192 0.953874 0.003107 
-0.290145 0.086142 0.953098 
-0.130895 -0.739926 0.659830 
-0.210043 -0.061738 0.975741 
-0.231224 -0.826683 0.512964 
-0.191638 -0.666654 0.720310 
-0.298744 0.871370 0.389187 
-0.305395 0.938883 0.158850 
-0.131179 -0.725995 0.675073 
-0.298664 0.114466 0.947469 
-0.278850 0.952659 0.121177 
-0.333950 0.942183 0.027738 
-0.309563 0.950855 -0.006803 
-0.285581 0.957441 0.041839 
-0.273371 0.948524 0.159908 
-0.315738 0.790796 0.524357 
-0.327392 0.940978 0.085878 
-0.340886 0.732149 0.589707 
-0.298762 0.936404 0.184091 
-0.201624 -0.729496 0.653592 
-0.125918 -0.708518 0.694368 
-0.253590 -0.832254 0.492996 
-0.211900 -0.344912 0.914404 
-0.398086 0.466531 0.789858 
-0.200550 -0.450326 0.870049 
-0.262076 -0.779382 0.569105 
-0.260399 -0.814222 0.518879 
-0.313962 0.941227 0.124576 
-0.192195 -0.705379 0.682277 
-0.325376 0.945572 -0.004908 
-0.306798 -0.378406 0.873318 
-0.198607 0.134445 0.970814 
-0.192337 0.461231 0.866183 
-0.183621 -0.683910 0.706081 
-0.392539 0.535396 0.747839 
-0.280406 -0.001884 0.959880 
-0.299673 -0.257154 0.918732 
-0.133986 -0.733968 0.665836 
-0.200523 0.547027 0.812743 
-0.134832 -0.725735 0.674632 
-0.205610 -0.220258 0.953526 
-0.178034 -0.624166 0.760737 
-0.265623 0.935281 0.233867 
-0.257260 -0.740678 0.620655 
-0.303589 0.818242 0.488174 
-0.113615 -0.717201 0.687543 
-0.230747 -0.871785 0.432143 
-0.112318 -0.717545 0.687396 
-0.173677 -0.662241 0.728885 
-0.134803 -0.715102 0.685899 
-0.250619 0.959272 0.130336 
-0.193206 0.406926 0.892795 
-0.200463 -0.155912 0.967216 
-0.218350 -0.831288 0.511159 
-0.177269 -0.512838 0.839984 
-0.188291 -0.478732 0.857533 
-0.303849 -0.437793 0.846176 
-0.308754 0.950924 -0.020380 
-0.252097 0.869581 0.424589 
-0.289804 0.915932 0.277637 
-0.237461 0.833811 0.498369 
-0.138360 -0.725714 0.673940 
-0.175269 -0.529990 0.829694 
-0.207508 -0.807610 0.552002 
-0.119112 -0.719342 0.684368 
-0.294210 0.830804 0.472445 
-0.138304 -0.748617 0.648417 
-0.134878 -0.748464 0.649314 
-0.208831 0.610588 0.763918 
-0.364369 0.659573 0.657418 
-0.327142 0.145874 0.933648 
-0.129634 -0.706255 0.695987 
-0.194838 -0.081596 0.977435 
-0.231777 0.679270 0.696327 
-0.191644 -0.365547 0.910850 
-0.312878 0.104811 0.943992 
-0.255151 -0.825057 0.504162 
-0.164368 -0.584957 0.794234 
-0.239613 0.964674 0.109499 
-0.134218 -0.715449 0.685652 
-0.155708 -0.635402 0.756320 
-0.292841 -0.163120 0.942144 
-0.309880 0.944475 0.109276 
-0.107299 -0.708500 0.697506 
-0.285764 0.958270 0.007533 
-0.375546 0.255517 0.890885 
-0.138302 -0.741783 0.656224 
-0.165004 -0.555595 0.814916 
-0.254317 -0.838319 0.482228 
-0.175880 -0.700323 0.691819 
-0.292234 0.863647 0.410746 
-0.326868 0.725097 0.606129 
-0.185655 0.118688 0.975420 
-0.128004 -0.735158 0.665701 
-0.236534 0.698536 0.675351 
-0.285524 -0.601435 0.746158 
-0.293395 0.031675 0.955467 
-0.134061 -0.764643 0.630356 
-0.191598 -0.013299 0.981383 
-0.190250 -0.229326 0.954576 
-0.292278 -0.506408 0.811249 
-0.189368 0.314329 0.930235 
-0.173942 0.471993 0.864272 
-0.219293 -0.861203 0.458519 
-0.129889 -0.743290 0.656239 
-0.262191 -0.713079 0.650211 
-0.194355 0.622667 0.757965 
-0.186273 0.175327 0.966728 
-0.334491 0.156106 0.929380 
-0.130871 -0.759355 0.637379 
-0.240000 -0.868637 0.433439 
-0.233250 0.823684 0.516855 
-0.134531 -0.761297 0.634293 
-0.384887 0.362968 0.848597 
-0.256107 0.965394 0.049227 
-0.227542 -0.887447 0.400826 
-0.251458 0.953991 0.163312 
-0.302961 0.952959 0.009162 
-0.187766 -0.764870 0.616212 
-0.183988 -0.729808 0.658429 
-0.124330 -0.748728 0.651114 
-0.114061 -0.718460 0.686153 
-0.253948 -0.801817 0.540925 
-0.280873 -0.014983 0.959628 
-0.249860 0.901134 0.354300 
-0.178320 -0.443320 0.878447 
-0.122926 -0.758288 0.640225 
-0.292983 0.790104 0.538420 
-0.130600 -0.771088 0.623191 
-0.133560 -0.769111 0.625004 
-0.300472 0.953610 -0.018577 
-0.185204 0.566267 0.803145 
-0.185116 -0.157737 0.969975 
-0.120452 -0.746536 0.654351 
-0.358379 0.588497 0.724732 
-0.270539 0.962682 -0.007143 
-0.220188 -0.882109 0.416415 
-0.133459 -0.721797 0.679115 
-0.213950 0.667859 0.712874 
-0.126386 -0.705474 0.697376 
-0.124639 -0.763681 0.633448 
-0.341864 0.650196 0.678509 
-0.127066 -0.785807 0.605279 
-0.294214 -0.256711 0.920618 
-0.200019 -0.860482 0.468575 
-0.099292 -0.723333 0.683323 
-0.125271 -0.780283 0.612753 
-0.155031 -0.663178 0.732230 
-0.234873 0.917485 0.321024 
-0.214178 -0.906236 0.364506 
-0.244038 -0.786983 0.566659 
-0.107618 -0.711899 0.693987 
-0.173962 0.438150 0.881908 
-0.365864 0.262654 0.892836 
-0.281257 0.856153 0.433471 
-0.276983 0.927204 0.252136 
-0.167956 -0.724598 0.668392 
-0.283814 0.958424 -0.029558 
-0.276728 0.960539 -0.028035 
-0.103519 -0.720229 0.685969 
-0.214017 -0.911887 0.350228 
-0.182133 0.525555 0.831035 
-0.120583 -0.701356 0.702538 
-0.230766 0.744955 0.625931 
-0.241788 0.779435 0.577944 
-0.237264 0.872732 0.426667 
-0.209778 -0.905512 0.368836 
-0.211572 -0.880110 0.425022 
-0.113463 -0.707215 0.697835 
-0.227316 0.720131 0.655545 
-0.207541 -0.869522 0.448172 
-0.170797 0.175083 0.969626 
-0.177766 -0.076784 0.981073 
-0.176781 -0.236285 0.955467 
-0.268796 0.943314 0.194701 
-0.268308 -0.678089 0.684256 
-0.164827 -0.472763 0.865637 
-0.154943 -0.514545 0.843348 
-0.247535 -0.848138 0.468388 
-0.221147 0.838072 0.498728 
-0.265951 0.830228 0.489889 
-0.249584 -0.754925 0.606462 
-0.142375 -0.618151 0.773058 
-0.174490 0.270932 0.946651 
-0.128581 -0.707544 0.694873 
-0.155190 -0.694933 0.702128 
-0.278980 0.947858 0.154062 
-0.119294 -0.791379 0.599573 
-0.287382 -0.100190 0.952562 
-0.286059 -0.021082 0.957980 
-0.133698 -0.744747 0.653817 
-0.171914 0.126217 0.976993 
-0.357473 0.421788 0.833252 
-0.106242 -0.728189 0.677092 
-0.146604 -0.568874 0.809252 
-0.198519 -0.914403 0.352785 
-0.152437 -0.540121 0.827667 
-0.116570 -0.779227 0.615805 
-0.152896 -0.715200 0.681991 
-0.144221 -0.594140 0.791327 
-0.179741 0.590805 0.786538 
-0.173946 -0.011158 0.984692 
-0.313958 0.110585 0.942975 
-0.279177 -0.502275 0.818401 
-0.176260 -0.790641 0.586361 
-0.310019 0.948618 0.063345 
-0.209869 -0.919139 0.333375 
-0.254872 0.966601 0.026881 
-0.244163 -0.818810 0.519553 
-0.168882 -0.381722 0.908717 
-0.352907 0.284014 0.891512 
-0.283793 -0.366962 0.885890 
-0.115116 -0.753294 0.647531 
-0.163856 -0.285133 0.944378 
-0.127771 -0.785088 0.606062 
-0.135092 -0.722922 0.677594 
-0.288319 -0.251175 0.924004 
-0.180981 0.636010 0.750158 
-0.330865 0.171677 0.927931 
-0.223463 0.874030 0.431434 
-0.098480 -0.721627 0.685242 
-0.214754 -0.909040 0.357109 
-0.124610 -0.786144 0.605351 
-0.194024 -0.827973 0.526133 
-0.185272 -0.946183 0.265352 
-0.169473 -0.159908 0.972475 
-0.111897 -0.699303 0.706013 
-0.288147 0.951805 0.105069 
-0.256338 0.934723 0.246139 
-0.225260 0.949053 0.220357 
-0.121614 -0.699493 0.704216 
-0.191263 -0.903542 0.383446 
-0.286199 -0.098660 0.953077 
-0.132605 -0.704083 0.697627 
-0.148082 -0.658162 0.738170 
-0.288539 0.957262 0.019848 
-0.175832 -0.959303 0.220953 
-0.113896 -0.734378 0.669117 
-0.133919 -0.732306 0.667678 
-0.298468 0.049796 0.953120 
-0.224560 0.783185 0.579823 
-0.164973 -0.757403 0.631763 
-0.169767 -0.763636 0.622927 
-0.125149 -0.768527 0.627458 
-0.240586 -0.840312 0.485792 
-0.187988 -0.876283 0.443609 
-0.113731 -0.791437 0.600577 
-0.116391 -0.801603 0.586418 
-0.236298 -0.800688 0.550511 
-0.215480 -0.902902 0.371936 
-0.295304 0.729853 0.616531 
-0.290661 0.954891 0.060818 
-0.142814 -0.638506 0.756250 
-0.141483 -0.681688 0.717832 
-0.113165 -0.746427 0.655774 
-0.217229 0.961756 0.166843 
-0.265984 0.877457 0.399152 
-0.159720 -0.742906 0.650062 
-0.239159 0.968447 0.070097 
-0.187075 -0.888287 0.419462 
-0.119744 -0.796666 0.592440 
-0.186844 -0.948008 0.257625 
-0.182786 -0.930345 0.317881 
-0.146252 -0.684211 0.714469 
-0.155225 -0.444813 0.882070 
-0.115556 -0.697421 0.707284 
-0.281435 0.959558 -0.006488 
-0.230606 -0.864827 0.445977 
-0.153836 0.251424 0.955574 
-0.264408 0.964124 -0.023531 
-0.173978 -0.953100 0.247653 
-0.140607 -0.703132 0.697019 
-0.157899 -0.986038 0.052896 
-0.204987 0.710532 0.673145 
-0.159815 -0.986117 0.045072 
-0.159447 -0.332966 0.929360 
-0.151327 -0.733339 0.662808 
-0.210083 0.873033 0.440088 
-0.148997 0.532310 0.833334 
-0.157988 -0.981665 0.106649 
-0.136224 -0.721998 0.678352 
-0.136855 -0.669749 0.729868 
-0.268430 0.791452 0.549135 
-0.092261 -0.727141 0.680260 
-0.124799 -0.695701 0.707408 
-0.144362 -0.700276 0.699123 
-0.100869 -0.716811 0.689932 
-0.160061 -0.076455 0.984142 
-0.146593 -0.707940 0.690891 
-0.204411 0.845509 0.493286 
-0.164125 0.327875 0.930355 
-0.146773 0.410038 0.900182 
-0.103750 -0.809448 0.577954 
-0.124157 -0.757180 0.641298 
-0.216736 0.918764 0.329996 
-0.130971 -0.670464 0.730290 
-0.177339 -0.862836 0.473355 
-0.151997 -0.987967 0.028595 
-0.307289 0.140553 0.941179 
-0.100538 -0.733605 0.672098 
-0.148149 0.371663 0.916471 
-0.105557 -0.701707 0.704602 
-0.244452 0.852882 0.461341 
-0.140378 -0.714880 0.685012 
-0.212230 0.831062 0.514096 
-0.168122 -0.966737 0.192755 
-0.158111 -0.986202 0.049049 
-0.148416 -0.987869 0.045690 
-0.321884 0.571452 0.754873 
-0.177573 -0.955882 0.234002 
-0.130247 -0.643102 0.754623 
-0.160276 -0.201572 0.966271 
-0.282386 -0.009945 0.959249 
-0.272317 0.961972 0.021283 
-0.194855 0.695638 0.691462 
-0.265701 0.957537 0.111922 
-0.154338 0.491869 0.856881 
-0.235104 -0.779855 0.580131 
-0.130028 -0.738602 0.661483 
-0.205560 0.806164 0.554837 
-0.151363 -0.986134 0.068043 
-0.249626 -0.721683 0.645648 
-0.168692 -0.963743 0.206743 
-0.175475 -0.834065 0.523014 
-0.151687 -0.981816 0.114145 
-0.168575 -0.941794 0.290872 
-0.212918 0.772360 0.598436 
-0.110254 -0.757986 0.642885 
-0.307661 0.651902 0.693087 
-0.249117 0.968415 -0.010657 
-0.331456 0.274417 0.902681 
-0.212084 0.966518 0.144444 
-0.228300 -0.841858 0.489034 
-0.163885 0.577697 0.799630 
-0.155210 0.598209 0.786165 
-0.133928 -0.518617 0.844452 
-0.281311 -0.165368 0.945261 
-0.242055 0.830136 0.502278 
-0.256269 -0.665063 0.701439 
-0.184103 -0.945761 0.267662 
-0.162372 -0.962466 0.217472 
-0.153459 -0.987705 0.029824 
-0.155243 -0.983782 0.089849 
-0.137452 -0.474838 0.869273 
-0.263413 -0.584232 0.767650 
-0.241060 0.950024 0.198355 
-0.278895 -0.047484 0.959147 
-0.133092 -0.585156 0.799925 
-0.279495 -0.263835 0.923186 
-0.156164 0.005362 0.987717 
-0.203024 0.748853 0.630872 
-0.101192 -0.705569 0.701379 
-0.255515 0.956939 0.137765 
-0.104904 -0.765255 0.635122 
-0.116064 -0.688750 0.715649 
-0.102574 -0.745223 0.658879 
-0.153271 0.129233 0.979697 
-0.133565 -0.555828 0.820497 
-0.258958 -0.522058 0.812648 
-0.098616 -0.786388 0.609811 
-0.155228 -0.977793 0.140801 
-0.155536 -0.980245 0.122184 
-0.197140 0.731799 0.652385 
-0.317706 0.486164 0.814069 
-0.098857 -0.737557 0.668009 
-0.093402 -0.725147 0.682230 
-0.139595 -0.736360 0.662033 
-0.165375 -0.968017 0.188665 
-0.174439 -0.908163 0.380540 
-0.107907 -0.690892 0.714860 
-0.288660 0.056027 0.955791 
-0.151192 0.186776 0.970699 
-0.253778 0.967203 -0.010687 
-0.177115 0.664687 0.725825 
-0.115076 -0.792097 0.599450 
-0.157765 -0.975590 0.152756 
-0.104497 -0.743109 0.660961 
-0.122760 -0.612090 0.781202 
-0.203909 0.951898 0.228717 
-0.145754 -0.386790 0.910576 
-0.121506 -0.662062 0.739534 
-0.312204 0.326280 0.892228 
-0.134142 -0.727692 0.672659 
-0.090621 -0.729654 0.677786 
-0.123623 -0.574008 0.809464 
-0.266929 0.961315 0.067992 
-0.196343 0.836672 0.511301 
-0.142768 -0.769665 0.622280 
-0.158998 -0.801609 0.576318 
-0.223580 -0.805864 0.548266 
-0.149627 -0.779947 0.607696 
-0.099125 -0.819647 0.564228 
-0.143805 -0.989342 0.022838 
-0.107218 -0.811517 0.574408 
-0.153055 -0.970142 0.188147 
-0.145190 -0.988849 0.033121 
-0.146999 -0.160146 0.976086 
-0.201626 -0.911114 0.359469 
-0.152944 -0.987018 0.049025 
-0.234024 0.944827 0.229206 
-0.121013 -0.650096 0.750154 
-0.215211 -0.872106 0.439449 
-0.148224 -0.977009 0.153242 
-0.099811 -0.691976 0.714988 
-0.187596 -0.936235 0.297106 
-0.198092 0.869261 0.452928 
-0.114731 -0.770926 0.626507 
-0.167961 -0.883145 0.438000 
-0.236272 0.924599 0.298817 
-0.293277 0.143387 0.945213 
-0.210057 0.974024 0.084582 
-0.157807 -0.946603 0.281140 
-0.196808 0.772442 0.603821 
-0.213859 0.976177 0.036649 
-0.134534 0.339806 0.930824 
-0.136610 -0.752200 0.644619 
-0.190100 0.843980 0.501557 
-0.237684 0.955307 0.175771 
-0.134845 0.473536 0.870391 
-0.124914 -0.513461 0.848972 
-0.134093 -0.990607 0.026768 
-0.243721 0.881984 0.403366 
-0.102405 -0.810032 0.577375 
-0.139336 -0.222135 0.965008 
-0.198646 0.920420 0.336700 
-0.207705 -0.832385 0.513803 
-0.113481 -0.663633 0.739400 
-0.263202 -0.299581 0.917047 
-0.136197 -0.989693 0.044246 
-0.220845 0.975000 -0.024528 
-0.247632 0.736286 0.629731 
-0.138730 -0.101104 0.985156 
-0.160245 -0.913062 0.375020 
-0.152048 -0.961499 0.228914 
-0.133757 -0.333833 0.933094 
-0.140831 -0.989713 0.025194 
-0.150396 -0.793422 0.589799 
-0.205729 0.978591 0.005995 
-0.131280 -0.738672 0.661158 
-0.270495 0.062364 0.960699 
-0.131037 -0.442907 0.886940 
-0.136456 -0.985664 0.099225 
-0.270898 -0.201559 0.941270 
-0.220997 0.848497 0.480846 
-0.148131 -0.984076 0.098242 
-0.086433 -0.801152 0.592187 
-0.215836 -0.804211 0.553768 
-0.188732 0.865465 0.464059 
-0.120790 -0.750249 0.650028 
-0.152483 -0.859415 0.488012 
-0.087307 -0.711835 0.696900 
-0.275842 0.189069 0.942425 
-0.088965 -0.723403 0.684670 
-0.187799 0.794198 0.577911 
-0.151853 -0.880737 0.448601 
-0.135002 -0.978431 0.156356 
-0.231771 0.803642 0.548126 
-0.196370 -0.901911 0.384701 
-0.145531 -0.968996 0.199668 
-0.140109 0.609325 0.780444 
-0.242393 0.969669 -0.031437 
-0.138735 -0.041348 0.989466 
-0.234829 -0.714031 0.659557 
-0.090562 -0.824887 0.557997 
-0.134175 0.551997 0.822980 
-0.255722 -0.043654 0.965764 
-0.111381 -0.628470 0.769818 
-0.202158 -0.869356 0.450946 
-0.238639 0.968302 0.073775 
-0.091039 -0.695180 0.713048 
-0.124433 -0.990763 0.053891 
-0.127144 -0.991297 0.034117 
-0.112870 -0.555063 0.824115 
-0.177328 -0.938537 0.296147 
-0.149159 -0.817399 0.556426 
-0.136206 -0.986307 0.092987 
-0.124919 -0.991820 0.026243 
-0.242040 0.963574 0.113759 
-0.119806 -0.747273 0.653628 
-0.175695 0.723340 0.667766 
-0.219722 0.905278 0.363584 
-0.162519 -0.964026 0.210336 
-0.128497 0.505741 0.853062 
-0.094443 -0.747133 0.657931 
-0.093525 -0.733086 0.673675 
-0.090616 -0.728121 0.679433 
-0.127875 -0.991583 0.020295 
-0.135921 0.058957 0.988964 
-0.093720 -0.756306 0.647471 
-0.201707 0.978102 0.051288 
-0.141613 -0.947646 0.286205 
-0.086082 -0.702062 0.706894 
-0.134992 0.159592 0.977910 
-0.233909 0.971958 0.024171 
-0.212091 0.933922 0.287764 
-0.133771 0.228195 0.964382 
-0.228862 0.973438 -0.006282 
-0.140688 -0.964401 0.223913 
-0.257970 0.676506 0.689776 
-0.140544 -0.825242 0.547014 
-0.117743 -0.168879 0.978579 
-0.183314 0.969176 0.164599 
-0.270880 0.618535 0.737590 
-0.108786 -0.773921 0.623868 
-0.256847 -0.002257 0.966449 
-0.148532 -0.868269 0.473337 
-0.123480 -0.988553 0.086697 
-0.129543 0.302992 0.944148 
-0.229946 0.772229 0.592272 
-0.142532 -0.983139 0.114554 
-0.188957 0.956204 0.223536 
-0.098971 -0.679294 0.727161 
-0.126557 -0.991490 0.030502 
-0.227615 -0.666079 0.710303 
-0.153243 -0.966085 0.207836 
-0.103059 -0.790947 0.603143 
-0.174123 -0.928586 0.327733 
-0.268233 0.538363 0.798885 
-0.176000 0.747794 0.640178 
-0.202539 0.961128 0.187643 
-0.091438 -0.738353 0.668187 
-0.108815 -0.591654 0.798815 
-0.235511 -0.513326 0.825246 
-0.148233 -0.918072 0.367656 
-0.127923 -0.760624 0.636464 
-0.162124 0.703720 0.691733 
-0.217266 0.966680 0.135373 
-0.151422 -0.972368 0.177683 
-0.185500 0.890363 0.415744 
-0.186837 -0.894269 0.406664 
-0.246624 0.349988 0.903706 
-0.121010 0.393245 0.911436 
-0.146339 -0.978258 0.146955 
-0.181453 0.950642 0.251704 
-0.205011 0.848020 0.488704 
-0.097986 -0.642723 0.759807 
-0.076093 -0.718365 0.691492 
-0.221155 -0.732350 0.644013 
-0.253021 -0.222086 0.941625 
-0.200623 0.955402 0.216699 
-0.115678 -0.993233 0.010378 
-0.122202 0.569890 0.812584 
-0.081148 -0.686951 0.722159 
-0.221014 0.974939 -0.025424 
-0.087069 -0.742503 0.664160 
-0.227169 -0.576680 0.784751 
-0.131111 -0.799000 0.586864 
-0.251746 0.269030 0.929649 
-0.085896 -0.746189 0.660169 
-0.071260 -0.732075 0.677486 
-0.131364 0.448895 0.883876 
-0.136813 0.634667 0.760579 
-0.086203 -0.762167 0.641616 
-0.110603 -0.760109 0.640313 
-0.246344 -0.305864 0.919653 
-0.186864 0.976254 0.109594 
-0.094457 -0.822023 0.561565 
-0.175404 0.769560 0.614012 
-0.135157 -0.804948 0.577747 
-0.136078 -0.979437 0.148946 
-0.096122 -0.655921 0.748684 
-0.179041 0.845367 0.503289 
-0.120609 -0.756239 0.643083 
-0.189428 0.981060 0.040467 
-0.174549 0.790524 0.587030 
-0.193102 -0.835796 0.513962 
-0.115468 -0.989096 0.091417 
-0.204378 0.815831 0.540970 
-0.175965 -0.886262 0.428457 
-0.138433 -0.901640 0.409734 
-0.116014 -0.982785 0.143783 
-0.253004 0.122037 0.959737 
-0.125993 -0.965972 0.225883 
-0.200432 0.901462 0.383657 
-0.071171 -0.731318 0.678313 
-0.100926 -0.574716 0.812106 
-0.145035 -0.967113 0.208943 
-0.086220 -0.681174 0.727026 
-0.205051 0.978747 -0.002751 
-0.063050 -0.745426 0.663600 
-0.137104 -0.837235 0.529377 
-0.167113 -0.922263 0.348575 
-0.110962 -0.759468 0.641011 
-0.105035 -0.993729 0.038335 
-0.087304 -0.822735 0.561681 
-0.117012 0.539145 0.834045 
-0.195148 -0.806868 0.557567 
-0.065930 -0.738116 0.671445 
-0.087546 -0.819514 0.566332 
-0.123666 -0.985553 0.115727 
-0.118735 -0.042032 0.992036 
-0.131279 0.662344 0.737609 
-0.126528 -0.787020 0.603813 
-0.074063 -0.723733 0.686094 
-0.134072 -0.975078 0.176767 
-0.132235 -0.921195 0.365942 
-0.105601 -0.479507 0.871161 
-0.115943 -0.991913 0.051639 
-0.082546 -0.737270 0.670536 
-0.107519 -0.991782 0.069343 
-0.072895 -0.735985 0.673062 
-0.230667 -0.037754 0.972300 
-0.177132 0.918306 0.354031 
-0.134099 -0.875657 0.463941 
-0.174877 -0.854867 0.488487 
-0.092223 -0.804493 0.586758 
-0.130620 -0.822754 0.553186 
-0.184418 0.907001 0.378600 
-0.110525 -0.993629 0.022052 
-0.175947 0.862245 0.474948 
-0.208074 0.977785 0.025343 
-0.109651 -0.993887 0.012884 
-0.127875 -0.985172 0.114387 
-0.116522 -0.777596 0.617873 
-0.192307 0.944686 0.265681 
-0.115795 0.271595 0.955420 
-0.106238 -0.460362 0.881351 
-0.127729 -0.947752 0.292321 
-0.114290 0.339319 0.933702 
-0.093052 -0.615905 0.782306 
-0.116004 0.199250 0.973058 
-0.158619 0.727026 0.668036 
-0.166885 0.983865 0.064493 
-0.201788 -0.752580 0.626821 
-0.095207 -0.786328 0.610429 
-0.075818 -0.810189 0.581245 
-0.074523 -0.737931 0.670749 
-0.181104 0.939397 0.291091 
-0.103836 -0.762950 0.638064 
-0.168147 0.951388 0.258046 
-0.201768 0.736135 0.646061 
-0.232247 0.665912 0.708959 
-0.186815 0.872161 0.452145 
-0.078424 -0.732800 0.675910 
-0.114958 0.105577 0.987744 
-0.105516 -0.437037 0.893233 
-0.087742 -0.779335 0.620434 
-0.158740 0.740950 0.652529 
-0.173956 0.862015 0.476097 
-0.221712 -0.235806 0.946171 
-0.170087 0.843132 0.510097 
-0.070964 -0.797095 0.599670 
-0.212702 0.003965 0.977109 
-0.095512 -0.542122 0.834854 
-0.192313 0.973343 0.124978 
-0.178258 -0.838827 0.514386 
-0.107504 -0.994014 0.019470 
-0.103647 0.435152 0.894371 
-0.209829 -0.537370 0.816827 
-0.165324 0.802918 0.572704 
-0.175673 0.912856 0.368554 
-0.097711 -0.104038 0.989762 
-0.066647 -0.822690 0.564570 
-0.084322 0.510187 0.855920 
-0.221599 -0.118837 0.967870 
-0.071133 -0.708663 0.701952 
-0.230405 0.045276 0.972041 
-0.177442 0.872852 0.454581 
-0.072592 -0.810949 0.580596 
-0.072443 -0.838421 0.540187 
-0.080139 -0.772307 0.630174 
-0.188139 0.836222 0.515108 
-0.178083 0.843326 0.507039 
-0.072892 -0.744952 0.663124 
-0.118667 -0.361499 0.924790 
-0.070269 -0.838650 0.540119 
-0.113192 -0.233011 0.965864 
-0.116042 0.592075 0.797485 
-0.190863 0.978786 0.074490 
-0.223040 -0.326044 0.918667 
-0.115043 -0.987093 0.111414 
-0.193302 0.784602 0.589096 
-0.125170 -0.842071 0.524642 
-0.105373 0.464890 0.879076 
-0.170915 0.985281 -0.003169 
-0.122548 -0.980302 0.154887 
-0.101975 -0.776324 0.622031 
-0.092897 -0.780258 0.618520 
-0.133078 -0.966709 0.218550 
-0.151791 -0.922673 0.354450 
-0.190641 0.981659 -0.000829 
-0.223670 0.561977 0.796337 
-0.177989 0.964887 0.193165 
-0.079776 -0.607928 0.789974 
-0.117097 -0.817804 0.563458 
-0.198706 -0.610863 0.766396 
-0.153846 -0.897314 0.413713 
-0.064111 -0.808883 0.584464 
-0.124599 0.681928 0.720728 
-0.109028 -0.993036 0.044630 
-0.164381 0.972536 0.164778 
-0.168722 0.950134 0.262255 
-0.172805 -0.819539 0.546347 
-0.116615 -0.987444 0.106563 
-0.104716 -0.510384 0.853547 
-0.084851 -0.668539 0.738821 
-0.100078 -0.990282 0.096571 
-0.158374 0.761211 0.628869 
-0.065039 -0.686054 0.724637 
-0.063766 -0.751246 0.656935 
-0.106917 0.614852 0.781362 
-0.176746 0.778691 0.601997 
-0.094848 0.526552 0.844835 
-0.178520 0.976761 0.118614 
-0.204508 0.575551 0.791781 
-0.085635 -0.565746 0.820121 
-0.124083 -0.852151 0.508372 
-0.160075 0.981300 0.106890 
-0.096305 -0.052484 0.993967 
-0.103089 -0.797161 0.594901 
-0.088866 -0.774425 0.626394 
-0.212001 0.387522 0.897152 
-0.157861 -0.857896 0.488973 
-0.111871 -0.861156 0.495879 
-0.152259 0.973271 0.171931 
-0.116470 -0.988910 0.092156 
-0.158859 0.774977 0.611698 
-0.174056 -0.788043 0.590502 
-0.189102 0.981831 0.015794 
-0.097133 -0.994337 0.043117 
-0.116128 -0.888237 0.444466 
-0.105660 -0.959199 0.262245 
-0.080269 -0.817297 0.570599 
-0.161916 0.779750 0.604792 
-0.138332 0.710451 0.690017 
-0.167156 0.968067 0.186828 
-0.076672 -0.628994 0.773620 
-0.113842 -0.812043 0.572386 
-0.068538 -0.817911 0.571248 
-0.112277 -0.830927 0.544935 
-0.045294 -0.835410 0.547758 
-0.061321 -0.733269 0.677168 
-0.067359 -0.839516 0.539144 
-0.175823 0.984378 0.009335 
-0.066028 -0.740992 0.668260 
-0.222114 0.224570 0.948806 
-0.103895 -0.967588 0.230172 
-0.062921 -0.774923 0.628916 
-0.097662 -0.994824 0.028053 
-0.139721 0.727945 0.671248 
-0.117979 -0.970901 0.208403 
-0.097218 -0.993198 0.064089 
-0.097866 -0.995065 0.016373 
-0.186907 0.661170 0.726581 
-0.175699 0.984348 0.013739 
-0.092831 -0.775561 0.624410 
-0.179063 0.165965 0.969738 
-0.098814 0.339841 0.935277 
-0.091181 0.288988 0.952981 
-0.171032 0.736654 0.654285 
-0.209641 0.103280 0.972308 
-0.153231 0.985880 0.067539 
-0.131297 0.710697 0.691137 
-0.108358 -0.976087 0.188446 
-0.138305 -0.988883 0.054609 
-0.070882 -0.652753 0.754248 
-0.140501 -0.891923 0.429806 
-0.177786 -0.701131 0.690512 
-0.124215 -0.954767 0.270169 
-0.098556 0.235001 0.966986 
-0.170036 0.675798 0.717206 
-0.064521 -0.832810 0.549786 
-0.097672 0.405186 0.909002 
-0.098757 0.560640 0.822150 
-0.154894 -0.848603 0.505847 
-0.064983 -0.842944 0.534063 
-0.067375 -0.809120 0.583768 
-0.066522 -0.805186 0.589279 
-0.156458 0.976761 0.146485 
-0.062716 -0.723621 0.687342 
-0.092306 -0.984299 0.150449 
-0.090634 -0.368961 0.925015 
-0.077294 -0.798644 0.596820 
-0.149304 0.988556 0.021570 
-0.151988 0.971907 0.179714 
-0.065955 -0.694744 0.716226 
-0.106893 -0.877221 0.468036 
-0.143839 0.730908 0.667146 
-0.084627 -0.991757 0.096210 
-0.062358 -0.811682 0.580761 
-0.096308 0.165642 0.981472 
-0.080154 -0.544719 0.834779 
-0.059614 -0.799149 0.598169 
-0.185274 -0.319456 0.929312 
-0.147692 -0.832816 0.533483 
-0.068902 -0.599153 0.797664 
-0.110987 -0.976503 0.184727 
-0.061125 -0.745827 0.663329 
-0.084525 -0.995373 0.045689 
-0.180777 -0.591744 0.785595 
-0.110556 -0.949092 0.294961 
-0.113318 -0.845670 0.521537 
-0.162359 0.984434 0.067302 
-0.092297 -0.270339 0.958331 
-0.080658 -0.995846 0.042238 
-0.081388 -0.778715 0.622076 
-0.082386 -0.512706 0.854602 
-0.141147 0.732490 0.665984 
-0.184916 0.474998 0.860339 
-0.151388 0.726389 0.670403 
-0.091608 -0.991314 0.094369 
-0.105813 -0.980893 0.163254 
-0.111438 -0.853437 0.509144 
-0.060833 -0.843635 0.533460 
-0.163889 0.981099 0.102881 
-0.092931 0.062397 0.993715 
-0.081928 -0.780841 0.619335 
-0.145759 0.988548 0.039092 
-0.076264 -0.792768 0.604733 
-0.135248 -0.788207 0.600364 
-0.174514 -0.427450 0.887035 
-0.093265 -0.197782 0.975799 
-0.147997 0.980365 0.130309 
-0.079922 -0.996486 0.025057 
-0.061731 -0.815991 0.574760 
-0.055514 -0.752744 0.655968 
-0.092072 -0.974747 0.203448 
-0.133060 -0.865196 0.483457 
-0.156440 -0.742646 0.651155 
-0.098050 -0.995063 0.015355 
-0.053468 -0.804295 0.591820 
-0.203146 0.292008 0.934592 
-0.050611 -0.758984 0.649139 
-0.068710 -0.639133 0.766020 
-0.061946 -0.804666 0.590487 
-0.076302 -0.476043 0.876106 
-0.064733 -0.673157 0.736661 
-0.078722 -0.788894 0.609466 
-0.090094 0.582093 0.808115 
-0.179847 0.059074 0.981919 
-0.048821 -0.751308 0.658144 
-0.102316 0.682055 0.724108 
-0.147377 0.982635 0.112735 
-0.102454 0.662005 0.742464 
-0.056126 -0.854535 0.516352 
-0.113727 -0.937348 0.329308 
-0.124066 0.711467 0.691681 
-0.157216 -0.632811 0.758178 
-0.081782 -0.451500 0.888516 
-0.107169 -0.912816 0.394057 
-0.095273 -0.995116 0.025814 
-0.166585 0.591754 0.788718 
-0.120142 -0.858539 0.498474 
-0.078597 -0.993767 0.079053 
-0.154269 0.987663 0.026871 
-0.097631 -0.823289 0.559163 
-0.076114 -0.987771 0.136073 
-0.090207 -0.988142 0.124249 
-0.048626 -0.715983 0.696422 
-0.078648 -0.996859 0.009346 
-0.141657 0.685196 0.714451 
-0.083924 0.623173 0.777568 
-0.061728 -0.818151 0.571680 
-0.054877 -0.839723 0.540235 
-0.048896 -0.859338 0.509066 
-0.093968 -0.925865 0.365984 
-0.159247 -0.552252 0.818327 
-0.183837 -0.234887 0.954480 
-0.089770 -0.971650 0.218717 
-0.081698 0.342458 0.935974 
-0.078206 0.536987 0.839958 
-0.065782 -0.659762 0.748590 
-0.095900 -0.828541 0.551656 
-0.082344 0.549131 0.831670 
-0.094032 -0.817752 0.567838 
-0.040084 -0.817559 0.574448 
-0.074166 0.411967 0.908176 
-0.097331 -0.956995 0.273291 
-0.093333 -0.952105 0.291178 
-0.101965 -0.854505 0.509337 
-0.072305 -0.380598 0.921909 
-0.100768 -0.862205 0.496436 
-0.177743 -0.031337 0.983578 
-0.120132 0.703991 0.699975 
-0.100809 -0.868696 0.484978 
-0.120108 0.689057 0.714684 
-0.080543 0.241073 0.967159 
-0.057836 -0.818085 0.572181 
-0.048100 -0.746221 0.663959 
-0.183040 0.396190 0.899739 
-0.142225 -0.678421 0.720775 
-0.082422 -0.996488 0.014756 
-0.050037 -0.839648 0.540822 
-0.093519 -0.840680 0.533397 
-0.063987 -0.827315 0.558083 
-0.081205 -0.965248 0.248398 
-0.087777 -0.978145 0.188488 
-0.040298 -0.809149 0.586219 
-0.066744 -0.784534 0.616483 
-0.083494 0.566558 0.819781 
-0.072472 -0.997310 0.010959 
-0.070556 0.452324 0.889058 
-0.091776 -0.879877 0.466256 
-0.102495 -0.870705 0.481007 
-0.081581 -0.975155 0.205954 
-0.073252 -0.993279 0.089612 
-0.052082 -0.729433 0.682067 
-0.141105 0.607096 0.782000 
-0.064265 -0.556237 0.828535 
-0.051847 -0.848125 0.527253 
-0.082133 -0.994030 0.071827 
-0.101367 -0.808329 0.579939 
-0.088750 -0.898622 0.429654 
-0.077998 0.170017 0.982350 
-0.122072 0.185463 0.975039 
-0.094666 -0.887288 0.451397 
-0.078029 0.591204 0.802739 
-0.043595 -0.787286 0.615046 
-0.074156 0.529430 0.845106 
-0.108956 0.701065 0.704724 
-0.089448 0.687950 0.720225 
-0.053866 -0.819525 0.570506 
-0.092725 -0.913074 0.397113 
-0.047678 -0.703542 0.709053 
-0.061742 -0.796193 0.601885 
-0.070176 -0.814770 0.575522 
-0.131040 -0.749458 0.648954 
-0.072432 -0.993337 0.089643 
-0.075021 0.560945 0.824447 
-0.069631 0.502645 0.861684 
-0.129792 -0.679557 0.722050 
-0.066810 -0.995810 0.062437 
-0.071315 -0.787103 0.612685 
-0.104428 0.602021 0.791622 
-0.074328 -0.236980 0.968667 
-0.072591 0.570958 0.817764 
-0.047022 -0.805501 0.590726 
-0.107205 -0.836404 0.537527 
-0.092754 -0.863573 0.495619 
-0.090790 -0.873097 0.479018 
-0.083268 -0.951635 0.295733 
-0.045942 -0.858775 0.510289 
-0.069903 0.565140 0.822028 
-0.073945 -0.171747 0.982362 
-0.088951 -0.850578 0.518270 
-0.072935 0.065995 0.995151 
-0.058922 -0.603194 0.795415 
-0.056046 -0.103726 0.993026 
-0.075688 -0.991253 0.108115 
-0.058900 -0.439472 0.896323 
-0.072524 -0.039061 0.996601 
-0.037231 -0.651881 0.757406 
-0.098508 0.689036 0.718001 
-0.060369 -0.986898 0.149624 
-0.066940 -0.997490 0.023081 
-0.046926 -0.855612 0.515486 
-0.134680 -0.637157 0.758876 
-0.124524 0.502103 0.855796 
-0.054075 -0.523166 0.850514 
-0.085199 -0.821757 0.563433 
-0.158176 0.452819 0.877460 
-0.048079 -0.794651 0.605159 
-0.038384 0.614042 0.788339 
-0.043584 -0.799545 0.599023 
-0.045446 -0.861588 0.505569 
-0.049738 -0.820390 0.569637 
-0.063253 0.605538 0.793299 
-0.068002 -0.985878 0.153038 
-0.069998 -0.995988 0.055744 
-0.045441 -0.827688 0.559345 
-0.142210 -0.238520 0.960669 
-0.063341 0.522430 0.850327 
-0.142485 -0.330791 0.932886 
-0.034234 -0.815296 0.578032 
-0.085791 -0.827410 0.555006 
-0.070142 0.580302 0.811375 
-0.139112 -0.079898 0.987048 
-0.047218 -0.815256 0.577173 
-0.049136 -0.804208 0.592313 
-0.137114 -0.424700 0.894891 
-0.066946 -0.997469 0.023956 
-0.062733 -0.992938 0.100688 
-0.082856 -0.916661 0.390982 
-0.095088 0.640413 0.762121 
-0.040143 -0.668660 0.742484 
-0.041180 -0.852357 0.521336 
-0.063429 0.558588 0.827017 
-0.041225 -0.856051 0.515244 
-0.059184 0.625656 0.777851 
-0.051494 -0.327841 0.943328 
-0.081809 0.689107 0.720027 
-0.132822 -0.564962 0.814356 
-0.058175 0.374478 0.925409 
-0.082574 -0.881375 0.465144 
-0.099898 -0.856864 0.505771 
-0.083765 -0.856854 0.508709 
-0.056635 0.315205 0.947332 
-0.066415 -0.996876 0.042743 
-0.066027 0.596388 0.799976 
-0.083525 -0.871741 0.482795 
-0.041044 -0.854986 0.517024 
-0.040046 -0.807931 0.587915 
-0.041696 -0.861218 0.506522 
-0.045122 -0.638540 0.768265 
-0.073009 -0.996964 0.027058 
-0.061385 0.583356 0.809894 
-0.074723 -0.953109 0.293257 
-0.079487 -0.948833 0.305610 
-0.084258 0.688208 0.720604 
-0.039202 -0.659294 0.750863 
-0.041481 -0.820927 0.569524 
-0.142086 0.098691 0.984922 
-0.056044 0.246166 0.967606 
-0.064754 0.587963 0.806292 
-0.088964 -0.872524 0.480404 
-0.111132 -0.782263 0.612956 
-0.042197 -0.801382 0.596662 
-0.101307 -0.721884 0.684559 
-0.033733 -0.740994 0.670664 
-0.042054 -0.842468 0.537103 
-0.088555 0.668202 0.738691 
-0.069155 -0.967784 0.242098 
-0.035067 -0.757069 0.652393 
-0.046375 -0.582700 0.811363 
-0.056920 0.602204 0.796311 
-0.075900 -0.823307 0.562499 
-0.034977 -0.695462 0.717711 
-0.092269 0.540592 0.836210 
-0.034333 -0.857437 0.513443 
-0.077100 -0.896098 0.437109 
-0.068820 -0.976742 0.203072 
-0.039744 -0.847979 0.528538 
-0.066127 -0.976994 0.202755 
-0.077553 -0.892770 0.443788 
-0.059255 -0.997754 0.031231 
-0.036503 -0.725408 0.687351 
-0.071070 -0.949483 0.305664 
-0.051530 0.647661 0.760184 
-0.034139 -0.835267 0.548784 
-0.079703 -0.916543 0.391912 
-0.045906 -0.607106 0.793294 
-0.057355 -0.997042 0.051154 
-0.041272 -0.684189 0.728136 
-0.053585 0.172517 0.983548 
-0.043837 -0.840406 0.540181 
-0.076944 -0.819970 0.567212 
-0.044677 -0.843464 0.535325 
-0.077529 -0.885950 0.457255 
-0.053309 -0.989832 0.131875 
-0.044594 -0.478306 0.877060 
-0.054327 -0.820488 0.569077 
-0.048767 -0.996460 0.068477 
-0.081778 -0.863235 0.498134 
-0.045854 0.483404 0.874196 
-0.054086 0.634023 0.771420 
-0.037336 -0.752846 0.657137 
-0.085220 -0.843253 0.530719 
-0.047830 0.640979 0.766067 
-0.043599 -0.847469 0.529051 
-0.073975 -0.900057 0.429447 
-0.046924 -0.995008 0.088072 
-0.072791 -0.924935 0.373091 
-0.071862 -0.948753 0.307739 
-0.060924 0.589318 0.805600 
-0.073313 -0.895838 0.438292 
-0.050543 0.650219 0.758064 
-0.068606 -0.954131 0.291423 
-0.044681 0.679147 0.732641 
-0.060363 -0.973341 0.221278 
-0.050923 0.600610 0.797919 
-0.061602 -0.972011 0.226714 
-0.077727 -0.858748 0.506469 
-0.050720 0.564983 0.823542 
-0.074396 -0.877627 0.473535 
-0.057953 0.590740 0.804778 
-0.083209 -0.815028 0.573416 
-0.057130 -0.190056 0.980110 
-0.047276 -0.993379 0.104706 
-0.050198 -0.998396 0.026196 
-0.049202 0.069763 0.996350 
-0.033533 -0.845719 0.532574 
-0.056619 -0.823676 0.564227 
-0.052125 -0.387127 0.920552 
-0.070688 -0.819593 0.568568 
-0.040794 0.689187 0.723434 
-0.033725 -0.824189 0.565310 
-0.034666 -0.864873 0.500792 
-0.043082 -0.056716 0.997460 
-0.037064 -0.818823 0.572849 
-0.060068 -0.971469 0.229432 
-0.054847 0.603245 0.795668 
-0.075419 -0.838137 0.540221 
-0.048543 -0.004714 0.998810 
-0.037224 0.691214 0.721691 
-0.074101 0.694743 0.715431 
-0.023932 -0.791013 0.611331 
-0.042596 0.668581 0.742418 
-0.046124 0.668093 0.742646 
-0.045602 -0.998278 0.036889 
-0.031577 -0.860790 0.507981 
-0.043382 0.504894 0.862091 
-0.046594 -0.997091 0.060323 
-0.081966 -0.746046 0.660830 
-0.078527 0.680791 0.728256 
-0.057634 -0.984510 0.165582 
-0.039176 0.678953 0.733136 
-0.046772 -0.998681 0.021173 
-0.049772 0.629732 0.775217 
-0.033860 0.686093 0.726726 
-0.041518 0.688485 0.724061 
-0.046716 0.593317 0.803612 
-0.076598 0.343027 0.936197 
-0.036005 -0.810771 0.584255 
-0.041041 -0.814910 0.578132 
-0.035752 0.682896 0.729640 
-0.038047 0.697653 0.715425 
-0.065385 -0.810325 0.582322 
-0.090469 0.253329 0.963141 
-0.053662 -0.998102 0.030221 
-0.036665 -0.834397 0.549943 
-0.029455 0.692147 0.721155 
-0.049070 -0.988477 0.143194 
-0.087806 0.623986 0.776487 
-0.031730 -0.859789 0.509663 
-0.044208 -0.795256 0.604660 
-0.024286 -0.850086 0.526084 
-0.034660 0.699189 0.714096 
-0.032447 0.678203 0.734158 
-0.081621 0.089822 0.992608 
-0.071486 -0.810080 0.581945 
-0.050601 -0.982912 0.176987 
-0.049435 -0.985166 0.164327 
-0.066296 -0.801187 0.594731 
-0.041422 0.661372 0.748914 
-0.033820 -0.813815 0.580139 
-0.030717 -0.796199 0.604255 
-0.033703 -0.822970 0.567085 
-0.076090 0.671663 0.736939 
-0.040535 -0.794283 0.606194 
-0.026203 -0.824602 0.565107 
-0.030950 0.693365 0.719922 
-0.032011 -0.835807 0.548090 
-0.030412 -0.838975 0.543320 
-0.029694 0.681275 0.731425 
-0.072066 0.688173 0.721959 
-0.026733 0.706683 0.707025 
-0.041470 -0.994108 0.100147 
-0.040141 0.650230 0.758676 
-0.033660 -0.834694 0.549684 
-0.034576 -0.534675 0.844350 
-0.025151 0.723540 0.689825 
-0.070121 -0.696467 0.714154 
-0.023385 -0.861586 0.507073 
-0.050380 -0.982199 0.180964 
-0.039450 0.633733 0.772545 
-0.029904 -0.828219 0.559607 
-0.027283 0.689400 0.723867 
-0.031544 -0.836006 0.547813 
-0.028424 0.694888 0.718556 
-0.022291 -0.867398 0.497115 
-0.034511 -0.819989 0.571338 
-0.025479 0.701529 0.712186 
-0.029727 -0.847876 0.529360 
-0.027956 -0.867534 0.496591 
-0.042925 0.597369 0.800817 
-0.037007 -0.816381 0.576327 
-0.029112 0.632496 0.774017 
-0.067242 -0.770952 0.633334 
-0.035626 0.658413 0.751813 
-0.024168 0.716314 0.697359 
-0.041263 0.598312 0.800200 
-0.026137 0.701573 0.712118 
-0.022101 0.745166 0.666513 
-0.046253 0.606317 0.793877 
-0.022647 0.733898 0.678882 
-0.024619 -0.801269 0.597797 
-0.036198 0.555387 0.830804 
-0.041614 -0.993304 0.107776 
-0.030666 -0.855114 0.517531 
-0.024503 0.711844 0.701910 
-0.039185 -0.988790 0.144078 
-0.032364 0.670666 0.741053 
-0.023276 0.725086 0.688265 
-0.036792 0.680086 0.732208 
-0.069619 0.412167 0.908445 
-0.029583 0.674687 0.737511 
-0.023336 -0.867077 0.497626 
-0.021680 0.743557 0.668321 
-0.039588 -0.991940 0.120368 
-0.071101 0.616672 0.784002 
-0.037406 -0.998846 0.030123 
-0.027156 0.670168 0.741713 
-0.020068 0.744037 0.667837 
-0.033691 0.696316 0.716944 
-0.021627 -0.857679 0.513731 
-0.038956 -0.993624 0.105800 
-0.037797 0.639215 0.768099 
-0.026093 -0.635411 0.771733 
-0.030676 0.704606 0.708935 
-0.038708 0.656705 0.753154 
-0.033755 -0.998332 0.046830 
-0.027732 0.705803 0.707865 
-0.024670 0.674346 0.738003 
-0.032836 -0.590568 0.806319 
-0.056155 0.670854 0.739461 
-0.035875 -0.996111 0.080467 
-0.018187 0.748512 0.662872 
-0.035553 -0.178516 0.983295 
-0.035692 -0.279985 0.959341 
-0.022536 0.683409 0.729687 
-0.059011 -0.791813 0.607906 
-0.049618 -0.825842 0.561714 
-0.036026 -0.998725 0.035365 
-0.018705 0.751197 0.659813 
-0.035176 -0.997655 0.058707 
-0.079567 -0.639501 0.764662 
-0.024609 0.698686 0.715005 
-0.043157 0.681455 0.730586 
-0.035188 -0.994387 0.099778 
-0.021098 0.696174 0.717563 
-0.019966 0.711902 0.701995 
-0.041918 -0.431675 0.901055 
-0.018882 0.729958 0.683231 
-0.024795 -0.846074 0.532489 
-0.033120 0.585571 0.809945 
-0.022400 0.700432 0.713368 
-0.019968 -0.858401 0.512590 
-0.038638 -0.991880 0.121167 
-0.026537 -0.835459 0.548912 
-0.046777 -0.345941 0.937089 
-0.020740 0.705666 0.708241 
-0.025881 -0.250336 0.967813 
-0.023543 -0.834381 0.550686 
-0.017132 0.739454 0.672989 
-0.046888 0.528369 0.847719 
-0.022103 -0.846948 0.531216 
-0.045627 0.684486 0.727597 
-0.019481 0.716078 0.697748 
-0.015936 -0.668501 0.743541 
-0.016260 -0.858363 0.512785 
-0.065261 -0.068585 0.995508 
-0.033809 -0.991472 0.125861 
-0.018534 0.730318 0.682856 
-0.051798 0.639793 0.766799 
-0.027899 0.626844 0.778645 
-0.017216 -0.822591 0.568373 
-0.033168 -0.995351 0.090420 
-0.017556 0.745211 0.666597 
-0.044236 0.673624 0.737750 
-0.022684 -0.823318 0.567126 
-0.044118 0.678819 0.732979 
-0.021807 0.475623 0.879379 
-0.030878 -0.997920 0.056590 
-0.034992 0.609111 0.792313 
-0.014819 -0.610416 0.791942 
-0.003161 -0.821828 0.569727 
-0.004780 -0.784791 0.619742 
-0.014534 0.753964 0.656755 
-0.029511 0.668211 0.743387 
-0.021922 -0.831924 0.554457 
-0.024972 0.652509 0.757369 
-0.019120 -0.331364 0.943309 
-0.024130 -0.828030 0.560164 
-0.010490 -0.867960 0.496523 
-0.022755 0.663778 0.747584 
-0.009533 -0.651149 0.758890 
-0.019460 -0.830987 0.555951 
-0.022797 0.536915 0.843329 
-0.022582 -0.814551 0.579652 
-0.025369 0.686395 0.726787 
-0.016123 -0.431714 0.901866 
-0.039269 0.435992 0.899093 
-0.020802 0.668001 0.743870 
-0.016818 -0.843548 0.536790 
-0.003427 -0.824758 0.565475 
-0.025116 -0.400329 0.916027 
-0.027977 0.376942 0.925814 
-0.013099 0.313297 0.949565 
-0.045991 0.588883 0.806909 
-0.019458 0.664155 0.747342 
-0.023349 -0.813308 0.581364 
-0.023217 0.279290 0.959926 
-0.028279 0.656180 0.754074 
-0.000129 -0.476398 0.879230 
-0.023903 0.701781 0.711991 
-0.017476 0.668787 0.743249 
-0.021815 -0.814579 0.579642 
-0.026929 -0.806548 0.590555 
-0.020810 0.710473 0.703417 
-0.022657 0.208374 0.977787 
-0.019899 -0.836465 0.547659 
-0.014757 -0.866799 0.498440 
-0.017531 -0.833890 0.551652 
-0.020212 -0.808960 0.587516 
-0.016031 0.678886 0.734069 
-0.019073 0.509611 0.860194 
-0.009350 0.755478 0.655108 
-0.018818 0.709488 0.704466 
-0.014092 -0.860553 0.509165 
-0.014368 -0.799298 0.600763 
-0.015560 -0.870147 0.492546 
-0.015020 0.692533 0.721229 
-0.020718 -0.818389 0.574291 
-0.011828 -0.869119 0.494462 
-0.001656 -0.806165 0.591689 
-0.014253 0.708552 0.705514 
-0.021069 -0.568054 0.822721 
-0.000015 -0.710287 0.703913 
-0.013521 0.725962 0.687602 
-0.000811 -0.719884 0.694094 
-0.017156 0.703618 0.710372 
-0.008146 0.139132 0.990240 
-0.016473 0.702377 0.711614 
-0.026908 -0.792997 0.608631 
0.000116 -0.703397 0.710797 
-0.017383 -0.585959 0.810154 
-0.012321 0.738377 0.674276 
-0.024102 -0.769284 0.638453 
-0.017015 -0.272171 0.962099 
-0.015227 0.704618 0.709424 
-0.007683 -0.017061 0.999825 
-0.013185 0.751736 0.659333 
-0.019052 -0.815235 0.578817 
-0.009852 -0.862933 0.505223 
-0.009215 -0.862945 0.505214 
-0.014024 0.711743 0.702300 
-0.002156 -0.764319 0.644834 
-0.028520 0.666771 0.744717 
-0.010974 0.744571 0.667453 
-0.013197 -0.844027 0.536138 
-0.000643 -0.734818 0.678264 
-0.013288 0.721640 0.692140 
-0.013636 -0.825304 0.564524 
-0.012622 0.732966 0.680148 
-0.012145 0.748640 0.662866 
-0.016421 -0.848364 0.529159 
-0.016766 -0.860412 0.509324 
-0.000339 -0.795955 0.605356 
-0.016151 -0.836153 0.548258 
-0.012065 -0.855678 0.517368 
-0.016111 -0.811700 0.583852 
-0.018904 0.570213 0.821279 
-0.009340 -0.823164 0.567726 
-0.018078 0.591192 0.806328 
0.000401 -0.544750 0.838599 
-0.024118 0.671405 0.740698 
-0.011481 -0.858104 0.513348 
-0.014833 -0.812420 0.582883 
-0.044918 0.319436 0.946543 
-0.002835 -0.843903 0.536489 
-0.010551 -0.842153 0.539136 
-0.012349 -0.468218 0.883527 
-0.012771 0.614037 0.789174 
-0.015437 0.625716 0.779898 
-0.011906 0.606151 0.795261 
-0.011648 0.635559 0.771965 
-0.009409 0.602027 0.798420 
-0.037589 0.390098 0.920006 
-0.008812 -0.825686 0.564061 
-0.013965 0.651068 0.758891 
-0.020984 0.669155 0.742826 
-0.013386 -0.820575 0.571382 
-0.016371 0.635201 0.772174 
0.001415 -0.816469 0.577388 
-0.012785 0.661380 0.749942 
-0.005482 0.741788 0.670612 
-0.013932 0.692133 0.721636 
-0.017037 0.658939 0.752003 
-0.011774 0.663811 0.747807 
-0.012065 0.653080 0.757193 
0.006667 -0.515125 0.857089 
-0.016820 -0.831898 0.554673 
-0.011050 0.660414 0.750820 
-0.006798 -0.824733 0.565481 
-0.010152 0.662760 0.748763 
-0.012512 0.708315 0.705785 
-0.009514 0.667187 0.744830 
-0.011829 -0.802019 0.597182 
-0.004833 -0.845442 0.534046 
-0.000751 -0.751194 0.660081 
-0.006467 0.428913 0.903323 
0.000852 -0.803917 0.594741 
-0.011116 0.713516 0.700551 
-0.008713 0.678417 0.734625 
-0.008772 0.654052 0.756398 
-0.008188 0.693264 0.720637 
-0.010246 0.645864 0.763383 
-0.007566 0.712418 0.701714 
-0.008063 0.707949 0.706217 
-0.006771 -0.862886 0.505354 
-0.007675 0.724209 0.689538 
-0.004277 0.752427 0.658662 
-0.009538 0.704493 0.709646 
-0.007308 0.736307 0.676608 
-0.000308 -0.801033 0.598620 
0.001746 -0.801113 0.598510 
-0.007910 -0.827601 0.561261 
-0.008987 0.635286 0.772224 
-0.008619 0.705820 0.708338 
-0.007333 -0.871418 0.490486 
-0.013220 -0.107673 0.994099 
-0.014466 0.493953 0.869368 
0.000589 -0.062731 0.998030 
-0.007963 0.712234 0.701897 
-0.004742 -0.851752 0.523923 
-0.005325 0.721067 0.692845 
-0.007235 0.730907 0.682439 
-0.005002 0.746899 0.664919 
-0.003848 -0.867570 0.497300 
-0.004848 0.752890 0.658128 
-0.010101 -0.868507 0.495574 
-0.005085 0.624636 0.780900 
-0.004304 0.757053 0.653339 
-0.003235 -0.865562 0.500792 
-0.002725 -0.860196 0.509957 
-0.007815 -0.818980 0.573768 
-0.005191 -0.696603 0.717438 
-0.019383 0.562064 0.826866 
0.004678 -0.685677 0.727891 
-0.004174 -0.849908 0.526915 
0.005628 -0.864196 0.503125 
-0.003340 -0.864957 0.501835 
-0.000251 -0.343446 0.939172 
-0.010862 -0.862744 0.505524 
-0.002675 -0.816400 0.577481 
-0.000132 -0.412127 0.911126 
-0.004493 -0.863575 0.504200 
-0.009311 -0.831837 0.554942 
-0.004553 -0.867224 0.497898 
-0.017812 -0.667068 0.744784 
-0.015277 -0.717833 0.696048 
-0.018003 -0.553989 0.832329 
-0.001222 -0.825092 0.564997 
-0.003933 -0.853728 0.520704 
0.002808 -0.861365 0.507978 
0.027954 -0.821200 0.569956 
0.001374 -0.831070 0.556165 
0.001519 -0.823517 0.567290 
0.000325 -0.826642 0.562729 
0.010816 -0.810759 0.585280 
-0.001382 -0.862887 0.505395 
0.000760 -0.829831 0.558015 
0.002954 -0.820221 0.572039 
0.001053 -0.397948 0.917407 
0.004413 -0.813304 0.581823 
-0.003239 -0.811812 0.583910 
0.004670 -0.811453 0.584399 
-0.003381 0.589386 0.807845 
0.000709 0.490897 0.871217 
0.001211 0.525304 0.850914 
-0.003452 0.566551 0.824020 
-0.003351 0.591096 0.806595 
-0.003587 0.659768 0.751461 
-0.003148 0.625858 0.779931 
-0.003262 0.693852 0.720110 
-0.002915 0.651683 0.758486 
-0.003000 0.708812 0.705391 
-0.002751 0.660580 0.750751 
-0.002634 0.662517 0.749042 
-0.002764 0.714390 0.699742 
-0.002499 0.659388 0.751798 
-0.002389 0.660991 0.750390 
0.001061 0.706532 0.707681 
0.001304 0.704942 0.709264 
-0.002273 0.667451 0.744650 
-0.002305 0.706720 0.707490 
-0.002170 0.677663 0.735370 
0.001178 0.712898 0.701266 
-0.002070 0.692626 0.721294 
0.001982 0.722852 0.691000 
-0.002001 0.707109 0.707102 
0.000982 0.733689 0.679484 
-0.001941 0.723962 0.689837 
0.001365 0.736073 0.676901 
0.002991 0.745956 0.665988 
0.003461 0.756051 0.654504 
0.002289 -0.293323 0.956011 
-0.007426 0.129060 0.991609 
-0.011979 0.057528 0.998272 
-0.008221 0.319039 0.947706 
-0.007246 0.409623 0.912226 
0.006613 0.187529 0.982237 
0.003234 0.246327 0.969181 
0.014018 0.340459 0.940155 
0.001976 0.467892 0.883783 
0.002638 -0.799240 0.601006 
0.000744 0.656390 0.754421 
0.006455 -0.868661 0.495365 
0.001882 0.661520 0.749925 
0.004051 0.658661 0.752429 
0.001896 -0.849969 0.526829 
-0.004428 -0.861456 0.507813 
0.007853 -0.861155 0.508282 
0.001553 -0.862832 0.505489 
0.003174 -0.861578 0.507615 
0.004613 -0.855531 0.517731 
-0.000086 -0.670869 0.741576 
0.003954 -0.867682 0.497104 
0.022874 -0.794162 0.607275 
0.028998 -0.571080 0.820382 
0.007033 -0.584044 0.811691 
0.003764 -0.612288 0.790626 
0.038483 -0.735954 0.675936 
0.003440 -0.816463 0.577388 
0.004244 -0.855874 0.517168 
0.002852 -0.870964 0.491339 
0.006632 -0.857827 0.513896 
0.011160 0.609713 0.792543 
0.010530 -0.823025 0.567908 
0.009865 -0.834367 0.551120 
0.029636 0.477333 0.878223 
0.006264 0.742305 0.670033 
0.011968 -0.858785 0.512197 
0.013786 0.457207 0.889254 
0.005083 0.755878 0.654693 
0.039076 -0.825209 0.563474 
0.005774 0.752025 0.659109 
0.005759 0.746177 0.665723 
0.021219 0.618957 0.785138 
0.005283 -0.868864 0.495023 
0.007222 -0.779604 0.626231 
0.010568 0.063365 0.997934 
0.044072 -0.650173 0.758507 
0.003981 0.705841 0.708359 
0.009739 -0.107459 0.994162 
0.005794 -0.860975 0.508614 
0.000702 0.606647 0.794971 
0.006298 0.751534 0.659664 
0.016200 -0.852944 0.521750 
0.004186 -0.867530 0.497367 
0.009848 -0.858107 0.513377 
0.003790 0.724225 0.689553 
0.005363 0.711881 0.702279 
0.012589 -0.801540 0.597809 
0.004061 0.707966 0.706234 
0.004045 0.693281 0.720656 
0.004369 0.678436 0.734646 
0.005598 0.713549 0.700583 
0.006279 -0.825746 0.564007 
0.004936 0.667209 0.744854 
0.016415 0.413665 0.910281 
0.008224 -0.844085 0.536146 
0.006534 0.708356 0.705825 
0.017804 0.401994 0.915469 
0.021469 0.640193 0.767914 
0.012289 -0.827270 0.561670 
0.007399 0.692181 0.721686 
0.005393 0.662784 0.748791 
0.016053 -0.814084 0.580525 
0.037424 -0.767518 0.639934 
0.008088 -0.465715 0.884898 
0.026719 0.646768 0.762219 
0.006079 0.660442 0.750852 
0.009866 0.659003 0.752076 
0.006515 0.663843 0.747843 
0.006437 -0.844245 0.535918 
0.062655 -0.568542 0.820265 
0.007245 0.661416 0.749984 
0.008312 -0.812703 0.582619 
0.004179 -0.647912 0.761704 
0.033187 0.612917 0.789450 
0.008083 0.651110 0.758940 
0.023552 0.601867 0.798249 
0.020190 -0.656928 0.753683 
0.025643 0.563423 0.825771 
0.008526 -0.838282 0.545170 
0.015658 -0.668657 0.743406 
0.018770 0.638990 0.768986 
0.009114 0.625765 0.779958 
0.022565 0.382192 0.923807 
0.021254 0.602471 0.797858 
0.049365 -0.065628 0.996622 
0.016940 -0.830722 0.556430 
0.018693 0.624320 0.780945 
0.014392 -0.846585 0.532058 
0.025463 0.638600 0.769118 
0.020341 0.608875 0.793006 
0.044440 0.123564 0.991341 
0.009952 -0.869366 0.494069 
0.011353 0.591250 0.806408 
0.008169 -0.848666 0.528866 
0.035717 -0.239657 0.970200 
0.017149 -0.860975 0.508358 
0.029566 -0.346722 0.937502 
0.008548 0.738406 0.674303 
0.011622 -0.831193 0.555862 
0.028409 0.326916 0.944626 
0.012000 0.570306 0.821345 
0.025536 -0.695139 0.718422 
0.012120 -0.836860 0.547283 
0.031117 -0.811015 0.584197 
0.028599 0.647746 0.761320 
0.034133 -0.826659 0.561667 
0.013391 -0.857594 0.514153 
0.015870 -0.846613 0.531973 
0.015820 -0.834866 0.550225 
0.008533 0.732998 0.680178 
0.012369 -0.833097 0.552988 
0.009067 0.721674 0.692173 
0.009630 0.711780 0.702337 
0.021324 -0.824235 0.565846 
0.013696 0.752413 0.658549 
0.046579 -0.699906 0.712715 
0.037429 -0.722569 0.690285 
0.010620 0.704660 0.709466 
0.025629 0.629004 0.776980 
0.021586 -0.805267 0.592519 
0.026935 -0.006772 0.999614 
0.022429 -0.339680 0.940274 
0.025566 -0.858174 0.512722 
0.040817 0.577547 0.815337 
0.024930 -0.406088 0.913494 
0.024357 0.652018 0.757812 
0.013817 -0.818812 0.573895 
0.011632 0.702425 0.711663 
0.027981 -0.178016 0.983630 
0.015696 -0.823787 0.566682 
0.029149 -0.544195 0.838453 
0.009628 0.725994 0.687633 
0.029668 -0.797160 0.603039 
0.012173 0.703669 0.710423 
0.038593 -0.800887 0.597570 
0.039797 0.147450 0.988269 
0.027883 -0.796197 0.604394 
0.022524 -0.442482 0.896494 
0.020218 -0.862618 0.505452 
0.015143 -0.815030 0.579221 
0.010231 0.708587 0.705549 
0.013587 0.709549 0.704525 
0.010831 0.692571 0.721268 
0.021133 0.517989 0.855126 
0.011637 0.678927 0.734113 
0.026863 0.478341 0.877763 
0.015223 0.710545 0.703488 
0.049833 -0.815923 0.576009 
0.024679 -0.860463 0.508914 
0.027445 -0.611206 0.790995 
0.012839 0.668834 0.743301 
0.021108 0.656296 0.754208 
0.031550 0.242501 0.969638 
0.017799 0.701871 0.712082 
0.023670 -0.864446 0.502168 
0.034213 -0.753968 0.656020 
0.018809 0.686494 0.726892 
0.014494 0.664211 0.747405 
0.023510 -0.836690 0.547172 
0.022348 -0.847274 0.530685 
0.028612 -0.788910 0.613842 
0.032881 0.309755 0.950248 
0.021982 -0.837455 0.546064 
0.031980 0.436108 0.899326 
0.011960 0.753194 0.657690 
0.025548 -0.810711 0.584889 
0.015538 0.668065 0.743941 
0.031518 -0.743965 0.667475 
0.014409 0.748558 0.662913 
0.032130 -0.853280 0.520463 
0.017131 0.663852 0.747668 
0.025435 -0.846444 0.531870 
0.025913 -0.865612 0.500045 
0.032959 -0.731497 0.681047 
0.029319 -0.588867 0.807698 
0.019022 0.652595 0.757468 
0.051801 0.468893 0.881735 
0.022613 0.668331 0.743520 
0.013338 0.739497 0.673028 
0.021507 0.626943 0.778769 
0.018886 -0.868109 0.496014 
0.029546 -0.816612 0.576430 
0.021473 -0.837507 0.546004 
0.013607 0.745257 0.666638 
0.022589 -0.840294 0.541661 
0.028346 -0.832332 0.553553 
0.088670 0.075073 0.993228 
0.014452 0.730367 0.682902 
0.086413 -0.434832 0.896356 
0.257736 0.921479 0.290601 
0.079888 0.327651 0.941415 
0.015226 0.716131 0.697799 
0.043011 0.646408 0.761779 
0.058989 0.311082 0.948551 
0.026266 0.585690 0.810109 
0.016274 0.744088 0.667883 
0.016275 0.705724 0.708300 
0.061929 0.287774 0.955694 
0.062780 0.235257 0.969904 
0.052199 0.617563 0.784787 
0.296598 0.824327 0.482197 
0.014984 0.730007 0.683276 
0.024354 -0.836499 0.547427 
0.271428 0.951997 0.141522 
0.017742 0.700497 0.713435 
0.412977 0.869016 0.272509 
0.042643 -0.522764 0.851410 
0.032866 0.647094 0.761702 
0.019680 0.698762 0.715083 
0.027688 -0.648800 0.760455 
0.015931 0.711953 0.702046 
0.062782 -0.778631 0.624334 
0.023370 -0.828958 0.558823 
0.029151 0.555529 0.830986 
0.029371 -0.835131 0.549266 
0.016891 0.696230 0.717620 
0.052549 0.600304 0.798043 
0.024286 -0.283596 0.958636 
0.075683 0.367839 0.926804 
0.037493 -0.798007 0.601481 
0.048205 -0.474189 0.879102 
0.036290 0.504080 0.862894 
0.018127 0.683471 0.729753 
0.351040 0.932304 0.087068 
0.031428 -0.848860 0.527683 
0.041666 0.069906 0.996683 
0.051009 -0.800995 0.596494 
0.042623 -0.043359 0.998150 
0.022466 0.705896 0.707959 
0.289896 0.767314 0.572006 
0.053838 0.633266 0.772060 
0.048488 -0.103757 0.993420 
0.047608 -0.704596 0.708010 
0.020024 0.674416 0.738080 
0.025763 -0.835431 0.548991 
0.017756 0.743614 0.668373 
0.273145 0.842350 0.464583 
0.032100 -0.855898 0.516147 
0.072973 0.544032 0.835885 
0.056307 -0.825070 0.562219 
0.041250 -0.805159 0.591622 
0.018968 -0.853309 0.521061 
0.025035 0.704717 0.709047 
0.022207 0.670250 0.741803 
0.027598 0.696446 0.717078 
0.032550 -0.815798 0.577420 
0.423335 0.738430 0.524889 
0.041788 0.485300 0.873349 
0.080768 -0.736356 0.671756 
0.047885 0.646057 0.761785 
0.018264 0.745224 0.666564 
0.049229 0.636721 0.769521 
0.024307 0.674783 0.737615 
0.030268 0.680234 0.732369 
0.254534 0.948394 0.189108 
0.046554 0.191964 0.980297 
0.048337 -0.717039 0.695355 
0.019188 0.725149 0.688325 
0.026721 0.670778 0.741176 
0.018738 0.733958 0.678937 
0.041831 0.607343 0.793337 
0.033200 -0.856949 0.514331 
0.020252 0.711912 0.701977 
0.034567 0.661544 0.749109 
0.029623 0.658542 0.751961 
0.021695 0.701648 0.712194 
0.459836 0.872918 0.162987 
0.036761 -0.844461 0.534354 
0.360719 0.714964 0.598923 
0.103177 -0.640951 0.760616 
0.040211 0.639663 0.767603 
0.027795 -0.824912 0.564577 
0.043861 0.595499 0.802157 
0.020116 0.716378 0.697422 
0.028749 -0.820733 0.570588 
0.036039 -0.841385 0.539234 
0.021261 0.701598 0.712256 
0.023755 0.694973 0.718643 
0.021104 0.723608 0.689888 
0.033017 0.633880 0.772726 
0.027846 -0.823228 0.567027 
0.048530 0.593927 0.803054 
0.285891 0.863795 0.414878 
0.028474 -0.814545 0.579401 
0.022864 0.689476 0.723947 
0.385508 0.919424 0.077736 
0.033549 -0.818464 0.573577 
0.026002 0.693463 0.720023 
0.047891 -0.327261 0.943720 
0.025042 0.681362 0.731518 
0.050820 0.374680 0.925760 
0.022494 0.706757 0.707099 
0.039812 0.593495 0.803852 
0.078865 0.441050 0.894011 
0.046186 -0.840999 0.539061 
0.037597 -0.859788 0.509265 
0.057947 -0.814055 0.577890 
0.024937 0.692233 0.721244 
0.036619 -0.862597 0.504565 
0.038604 -0.836406 0.546749 
0.073395 0.588023 0.805508 
0.027526 0.678303 0.734266 
0.057399 -0.787881 0.613147 
0.058353 -0.440680 0.895766 
0.029388 0.699307 0.714217 
0.030863 -0.811552 0.583465 
0.548134 0.751209 0.367742 
0.033943 -0.797085 0.602913 
0.040440 -0.853857 0.518935 
0.039264 -0.828687 0.558333 
0.093329 0.235338 0.967422 
0.122269 -0.078858 0.989359 
0.035342 -0.848441 0.528108 
0.039752 -0.795130 0.605135 
0.097562 0.172647 0.980140 
0.091270 -0.995161 0.036394 
0.030483 0.683016 0.729767 
0.038079 -0.669384 0.741940 
0.082991 0.292305 0.952717 
0.098254 -0.993162 0.063045 
0.032417 0.697792 0.715567 
0.063534 -0.822929 0.564581 
0.097412 0.218758 0.970905 
0.345370 0.683717 0.642846 
0.069292 0.641366 0.764100 
0.028922 0.686199 0.726838 
0.035450 0.688646 0.724231 
0.074278 0.558045 0.826480 
0.098808 -0.989631 0.104250 
0.081915 -0.783041 0.616553 
0.096896 -0.991510 0.086709 
0.033503 0.679094 0.733287 
0.066094 -0.793492 0.604981 
0.054062 0.614905 0.786746 
0.077203 0.624782 0.776973 
0.090032 0.628561 0.772531 
0.107059 -0.994250 -0.002310 
0.083507 0.461592 0.883153 
0.039573 0.668281 0.742855 
0.126142 -0.254939 0.958694 
0.103049 -0.994657 -0.006236 
0.031971 0.691340 0.721822 
0.047462 0.632577 0.773042 
0.080109 -0.766932 0.636709 
0.034038 -0.843404 0.536200 
0.038731 -0.810416 0.584573 
0.060815 0.639708 0.766208 
0.101421 0.349349 0.931488 
0.044023 0.563413 0.825002 
0.041727 -0.858137 0.511721 
0.036595 0.668740 0.742595 
0.406320 0.645448 0.646762 
0.043229 -0.685719 0.726582 
0.046251 -0.847990 0.527990 
0.035103 -0.808801 0.587034 
0.041313 0.641165 0.766290 
0.035185 0.689335 0.723588 
0.534243 0.840442 0.090779 
0.080811 0.583657 0.807969 
0.071476 -0.817661 0.571246 
0.657166 0.724739 0.207090 
0.038656 0.679317 0.732826 
0.108473 -0.984779 0.135807 
0.098981 0.517794 0.849760 
0.080464 0.618967 0.781285 
0.043731 0.650427 0.758309 
0.049356 -0.188831 0.980768 
0.301680 0.879859 0.367202 
0.105856 -0.993533 0.041079 
0.055451 -0.552425 0.831716 
0.055455 -0.817052 0.573891 
0.093815 -0.725737 0.681546 
0.047568 -0.604740 0.795001 
0.680705 0.592116 0.431323 
0.346593 0.912512 0.217245 
0.129635 -0.983040 0.129722 
0.114101 -0.694881 0.710015 
0.044880 0.647868 0.760429 
0.032732 -0.761714 0.647086 
0.047483 -0.656540 0.752795 
0.069164 -0.821173 0.566472 
0.045669 -0.638725 0.768079 
0.319721 0.734703 0.598322 
0.128480 0.372537 0.919080 
0.114811 -0.993387 0.000534 
0.618440 0.785806 -0.006387 
0.133511 -0.981020 0.140623 
0.050404 -0.387694 0.920409 
0.110873 0.352354 0.929276 
0.059085 -0.841089 0.537661 
0.124108 0.241833 0.962348 
0.107883 -0.551674 0.827053 
0.143508 -0.982345 0.120018 
0.135580 -0.982958 0.124142 
0.614487 0.510605 0.601405 
0.049938 0.602428 0.796609 
0.055025 -0.788261 0.612876 
0.056714 0.521010 0.851664 
0.052235 0.625327 0.778613 
0.312159 0.728751 0.609491 
0.072164 0.638536 0.766201 
0.129219 -0.990138 0.054118 
0.090608 0.630119 0.771194 
0.516537 0.854760 0.050741 
0.063950 -0.788802 0.611311 
0.145835 -0.985403 0.087829 
0.063138 0.452587 0.889482 
0.056876 0.588023 0.806842 
0.121422 -0.984413 0.127234 
0.055476 -0.828846 0.556719 
0.054905 0.246279 0.967643 
0.042025 -0.816289 0.576113 
0.094566 -0.753275 0.650872 
0.046292 -0.747327 0.662842 
0.108792 -0.708734 0.697037 
0.040328 -0.860427 0.507975 
0.053257 -0.845014 0.532086 
0.035555 -0.821836 0.568613 
0.753297 0.657678 0.002082 
0.056105 0.605848 0.793600 
0.139755 -0.989953 -0.021496 
0.162217 -0.977313 0.136183 
0.141297 -0.975826 0.166727 
0.128829 0.181349 0.974944 
0.129323 0.110200 0.985460 
0.122036 0.529533 0.839465 
0.130495 -0.977993 0.162788 
0.056096 -0.587123 0.807552 
0.117179 -0.991680 0.053295 
0.042999 -0.840758 0.539700 
0.105437 -0.788138 0.606401 
0.093074 0.607805 0.788613 
0.066808 0.412244 0.908621 
0.062140 0.502971 0.862067 
0.044224 -0.806086 0.590143 
0.089822 -0.813243 0.574950 
0.125974 0.165211 0.978180 
0.128338 -0.387956 0.912699 
0.129156 0.156611 0.979179 
0.170692 -0.919303 0.354607 
0.054270 0.583596 0.810228 
0.689270 0.721474 -0.066200 
0.056427 0.315190 0.947349 
0.384281 0.645604 0.659942 
0.124331 -0.607873 0.784240 
0.154763 -0.987906 -0.009536 
0.062515 0.580502 0.811856 
0.165882 -0.913605 0.371226 
0.056879 0.555573 0.829520 
0.086357 0.614247 0.784374 
0.050147 -0.502529 0.863105 
0.791786 0.582157 0.184843 
0.596272 0.799518 -0.072323 
0.119439 0.484996 0.866321 
0.083259 0.634501 0.768425 
0.137014 0.390747 0.910244 
0.063288 0.575931 0.815045 
0.831070 0.423232 0.360828 
0.043816 -0.821495 0.568530 
0.049564 -0.854253 0.517489 
0.307672 0.777919 0.547886 
0.150111 -0.988464 -0.020148 
0.147493 -0.988953 0.014755 
0.060686 -0.824191 0.563052 
0.143704 0.551866 0.821458 
0.487679 0.597923 0.636127 
0.081008 -0.820295 0.566174 
0.362320 0.877358 0.314591 
0.139251 0.235876 0.961755 
0.054409 -0.672515 0.738081 
0.157051 -0.969868 0.186257 
0.116631 -0.701065 0.703495 
0.142657 -0.633737 0.760280 
0.172009 -0.920161 0.351734 
0.048626 -0.760084 0.648003 
0.062962 0.562810 0.824185 
0.132052 -0.656465 0.742709 
0.047293 -0.752365 0.657047 
0.168103 -0.954985 0.244427 
0.170810 -0.886694 0.429648 
0.051431 -0.730561 0.680908 
0.132383 -0.988541 0.072540 
0.877465 0.459666 0.136975 
0.070545 0.591987 0.802854 
0.068384 0.553907 0.829765 
0.155874 -0.975507 0.155208 
0.119941 -0.719307 0.684259 
0.075193 -0.782472 0.618130 
0.056852 -0.844446 0.532615 
0.213328 -0.957032 0.196419 
0.064926 -0.039136 0.997122 
0.065376 0.066291 0.995656 
0.070377 -0.380621 0.922049 
0.055516 -0.800459 0.596810 
0.579547 0.496107 0.646532 
0.185797 -0.904453 0.383984 
0.063555 -0.685838 0.724973 
0.034856 -0.818427 0.573552 
0.154764 -0.613163 0.774648 
0.066736 0.529120 0.845919 
0.066373 -0.171301 0.982980 
0.109210 0.614960 0.780959 
0.147473 0.247593 0.957575 
0.327219 0.789910 0.518623 
0.060058 -0.776305 0.627490 
0.337031 0.672009 0.659405 
0.074362 -0.809102 0.582945 
0.047988 -0.820727 0.569301 
0.072034 0.566771 0.820720 
0.067048 -0.240809 0.968254 
0.156364 0.306717 0.938869 
0.136852 0.456819 0.878970 
0.059341 -0.810301 0.583001 
0.190081 -0.920677 0.340915 
0.128352 0.590573 0.796712 
0.070491 0.170192 0.982886 
0.643955 0.765026 0.007576 
0.129131 -0.692668 0.709602 
0.724207 0.414993 0.550731 
0.191655 0.040305 0.980634 
0.152052 0.113262 0.981862 
0.068759 -0.794354 0.603551 
0.156257 0.105184 0.982100 
0.156358 0.055400 0.986146 
0.144124 -0.744863 0.651466 
0.193782 -0.975037 0.108404 
0.079093 -0.782777 0.617256 
0.292817 0.678004 0.674217 
0.156900 -0.977482 0.141108 
0.148438 -0.645455 0.749236 
0.186976 -0.982062 -0.024378 
0.056508 -0.805684 0.589644 
0.148510 -0.988018 0.042006 
0.207184 -0.901955 0.378884 
0.176659 -0.954088 0.241883 
0.173197 -0.023195 0.984614 
0.527435 0.843464 0.101890 
0.196692 -0.980067 0.027953 
0.364880 0.851514 0.376546 
0.171796 -0.795556 0.581014 
0.057785 -0.834269 0.548322 
0.293954 0.715922 0.633282 
0.074672 0.549265 0.832306 
0.167840 -0.794277 0.583912 
0.144541 -0.986282 0.079725 
0.086851 -0.269753 0.959005 
0.157423 -0.641123 0.751119 
0.310494 0.635475 0.706940 
0.141289 0.491594 0.859286 
0.073984 0.533684 0.842441 
0.356090 0.795398 0.490450 
0.066447 -0.695647 0.715304 
0.052034 -0.819380 0.570884 
0.149831 -0.657456 0.738446 
0.162156 0.135897 0.977362 
0.174370 -0.837476 0.517908 
0.140163 -0.678455 0.721147 
0.078349 -0.541982 0.836730 
0.073098 0.241214 0.967715 
0.170407 -0.968613 0.180968 
0.174953 -0.984476 -0.014117 
0.072803 -0.817024 0.571990 
0.075943 -0.473626 0.877446 
0.153930 -0.445989 0.881702 
0.689834 0.723201 -0.033310 
0.064211 -0.647055 0.759734 
0.081490 -0.776007 0.625438 
0.643258 0.434337 0.630532 
0.161073 0.421022 0.892634 
0.147190 -0.676305 0.721766 
0.154264 -0.987965 0.011304 
0.057292 -0.813068 0.579343 
0.476717 0.867806 0.140195 
0.078233 0.516551 0.852675 
0.376607 0.616863 0.691120 
0.178526 0.233924 0.955724 
0.151755 0.476588 0.865930 
0.169383 -0.320772 0.931888 
0.498934 0.573913 0.649376 
0.159447 -0.682538 0.713245 
0.077334 -0.565695 0.820980 
0.090594 -0.814378 0.573220 
0.179344 -0.773045 0.608471 
0.791693 0.610130 -0.031037 
0.086400 -0.365683 0.926720 
0.110036 -0.802925 0.585835 
0.080963 -0.515057 0.853324 
0.064740 -0.840098 0.538557 
0.150346 -0.688084 0.709885 
0.081920 0.581236 0.809601 
0.083757 0.289179 0.953604 
0.136711 0.616794 0.775162 
0.213999 -0.976456 -0.027153 
0.074314 0.342658 0.936516 
0.172105 0.335405 0.926220 
0.062843 -0.840262 0.538526 
0.056036 -0.817385 0.573360 
0.868259 0.402703 0.289752 
0.185804 -0.896205 0.402857 
0.157102 -0.980806 0.115494 
0.070742 -0.811890 0.579509 
0.070983 -0.710218 0.700394 
0.053842 -0.753951 0.654720 
0.164846 -0.738171 0.654164 
0.198297 -0.744861 0.637072 
0.062855 -0.819453 0.569690 
0.216229 -0.953854 0.208346 
0.154917 -0.696971 0.700165 
0.077366 -0.795576 0.600894 
0.190693 0.470633 0.861476 
0.807147 0.390398 0.442836 
0.141117 0.575742 0.805362 
0.166032 0.517008 0.839724 
0.156163 0.529804 0.833619 
0.104980 -0.810869 0.575735 
0.089624 -0.806258 0.584736 
0.172541 -0.984908 -0.013621 
0.079501 -0.824820 0.559778 
0.153707 -0.688047 0.709201 
0.066146 -0.606387 0.792413 
0.176204 0.072711 0.981665 
0.137639 0.607230 0.782513 
0.090085 -0.104158 0.990473 
0.088686 -0.052566 0.994672 
0.108494 0.621111 0.776176 
0.255555 0.613087 0.747540 
0.192191 0.390134 0.900477 
0.180874 0.051649 0.982149 
0.264457 0.572681 0.775950 
0.170102 0.480917 0.860107 
0.158023 -0.598832 0.785130 
0.156852 -0.688195 0.708367 
0.290682 0.572730 0.766475 
0.094007 0.603062 0.792136 
0.469186 0.572622 0.672287 
0.088053 -0.449899 0.888728 
0.182579 -0.795722 0.577487 
0.191600 -0.963851 0.185150 
0.062304 -0.724977 0.685950 
0.189356 -0.401545 0.896050 
0.072989 -0.662737 0.745286 
0.217920 0.566945 0.794408 
0.224030 -0.974392 0.019271 
0.199077 0.524236 0.827976 
0.085650 -0.197162 0.976622 
0.097818 0.465215 0.879776 
0.060664 -0.734596 0.675787 
0.067432 -0.812577 0.578940 
0.220650 0.537464 0.813908 
0.913048 0.406520 0.032938 
0.210918 -0.977185 -0.024973 
0.338722 0.564941 0.752402 
0.844369 0.531281 -0.069142 
0.071817 -0.676958 0.732510 
0.128302 0.624438 0.770464 
0.085348 0.062859 0.994366 
0.912139 0.345275 0.220878 
0.259891 -0.910627 0.321273 
0.161163 -0.711223 0.684243 
0.061566 -0.806672 0.587784 
0.496770 0.844164 0.201511 
0.227683 0.504643 0.832764 
0.059807 -0.747153 0.661956 
0.198342 0.522079 0.829515 
0.172712 -0.984792 0.018861 
0.062117 -0.810634 0.582248 
0.211768 -0.957434 0.196150 
0.170055 -0.583182 0.794343 
0.192008 -0.650245 0.735061 
0.093858 -0.776304 0.623332 
0.182563 -0.978359 0.097387 
0.087949 0.535767 0.839773 
0.180689 -0.589130 0.787576 
0.096201 0.435500 0.895034 
0.065214 -0.739539 0.669947 
0.189541 0.129711 0.973267 
0.089794 0.563709 0.821078 
0.209248 0.380665 0.900727 
0.293912 0.714227 0.635213 
0.248469 0.628287 0.737238 
0.248676 -0.793170 0.555915 
0.088778 0.165864 0.982144 
0.168471 -0.983780 0.061601 
0.189257 -0.967696 0.166571 
0.080170 -0.639013 0.765006 
0.078393 -0.616126 0.783737 
0.181031 -0.748026 0.638501 
0.276056 -0.958265 0.074303 
0.193676 0.255548 0.947199 
0.242392 0.494207 0.834868 
0.188799 0.083841 0.978430 
0.165041 -0.744172 0.647279 
0.265380 0.492971 0.828585 
0.082231 -0.827716 0.555090 
0.198877 -0.979888 -0.016330 
0.062064 -0.752637 0.655504 
0.285837 -0.940972 0.181297 
0.210880 -0.936362 0.280635 
0.188317 -0.558965 0.807524 
0.205957 -0.121370 0.971005 
0.180468 -0.974148 0.135896 
0.179026 -0.556651 0.811227 
0.188957 0.520102 0.832940 
0.186206 -0.539226 0.821317 
0.211408 0.226983 0.950676 
0.175527 -0.718535 0.672976 
0.240843 -0.970514 -0.009877 
0.134347 0.623167 0.770463 
0.122242 -0.799942 0.587495 
0.706766 0.435420 0.557576 
0.090267 0.405474 0.909639 
0.178532 -0.236056 0.955198 
0.199247 -0.804654 0.559314 
0.091078 0.235193 0.967672 
0.064769 -0.742431 0.666785 
0.849113 0.334562 0.408749 
0.778901 0.617446 -0.109877 
0.120904 0.623203 0.772658 
0.223147 -0.646832 0.729255 
0.235798 0.414604 0.878921 
0.195672 0.036233 0.980000 
0.103646 0.574385 0.811997 
0.409608 0.545096 0.731499 
0.236892 0.621208 0.746982 
0.110188 -0.806247 0.581227 
0.317309 0.502448 0.804276 
0.265136 -0.861878 0.432284 
0.174716 -0.754024 0.633184 
0.091398 0.340064 0.935950 
0.190084 -0.530861 0.825866 
0.736865 0.674610 -0.043944 
0.087943 -0.805442 0.586114 
0.200706 0.039909 0.978838 
0.230107 0.273271 0.934009 
0.572228 0.803690 0.163208 
0.081540 -0.821513 0.564330 
0.230336 -0.972991 -0.015304 
0.103890 -0.787996 0.606852 
0.215629 0.015975 0.976345 
0.090178 -0.787292 0.609950 
0.555057 0.540430 0.632335 
0.224049 0.206721 0.952401 
0.081819 -0.669722 0.738091 
0.207102 0.003225 0.978314 
0.256989 -0.677384 0.689280 
0.263163 0.429139 0.864052 
0.627511 0.774363 0.081189 
0.178250 0.531597 0.828029 
0.159708 0.589060 0.792150 
0.070397 -0.732863 0.676725 
0.108333 -0.801950 0.587487 
0.092373 -0.729100 0.678145 
0.108176 0.593249 0.797718 
0.450206 0.834420 0.317896 
0.394858 0.800301 0.451226 
0.209192 -0.891145 0.402616 
0.235095 -0.908009 0.346770 
0.071304 -0.746548 0.661500 
0.110066 -0.168902 0.979468 
0.101085 -0.764982 0.636069 
0.092409 -0.656307 0.748814 
0.073079 -0.739568 0.669103 
0.174460 -0.705137 0.687275 
0.371414 0.528026 0.763702 
0.463805 0.560392 0.686181 
0.209706 0.541030 0.814438 
0.201019 -0.580782 0.788849 
0.191341 0.529917 0.826182 
0.129663 -0.797118 0.589738 
0.066848 -0.798667 0.598048 
0.097923 -0.765002 0.636540 
0.071657 -0.737580 0.671447 
0.086093 -0.782007 0.617296 
0.202961 -0.554000 0.807398 
0.263542 0.672970 0.691127 
0.256249 0.360853 0.896728 
0.313840 -0.917198 0.245462 
0.885126 0.463580 -0.040565 
0.109087 0.539638 0.834800 
0.281561 0.679678 0.677319 
0.061899 -0.746790 0.662174 
0.081229 -0.688653 0.720527 
0.259249 -0.965645 -0.017883 
0.211934 -0.969135 0.125945 
0.094228 -0.571023 0.815509 
0.191953 -0.705956 0.681748 
0.186684 0.550634 0.813604 
0.291154 0.454887 0.841610 
0.930852 0.359951 0.062847 
0.810494 0.351657 0.468440 
0.096197 -0.543049 0.834173 
0.226796 0.571287 0.788794 
0.087399 -0.704274 0.704528 
0.204933 -0.978524 0.022188 
0.456619 0.849375 0.264689 
0.206750 0.534995 0.819167 
0.927105 0.302751 0.220951 
0.334695 0.744449 0.577733 
0.083919 -0.826979 0.555934 
0.104793 -0.761855 0.639214 
0.105841 -0.238005 0.965480 
0.113165 0.552064 0.826087 
0.214817 -0.771307 0.599115 
0.204713 -0.976051 0.073600 
0.205168 -0.974431 0.091601 
0.073842 -0.725327 0.684433 
0.261560 -0.964867 -0.024853 
0.070582 -0.733617 0.675888 
0.105068 -0.480379 0.870745 
0.214546 0.016953 0.976567 
0.075902 -0.720010 0.689800 
0.233596 -0.018500 0.972158 
0.128016 0.596182 0.792578 
0.162997 0.603630 0.780425 
0.210874 0.133111 0.968408 
0.133242 -0.794491 0.592479 
0.255581 -0.922051 0.290690 
0.236785 -0.953957 0.184116 
0.091660 -0.815859 0.570940 
0.187547 -0.735467 0.651086 
0.235106 -0.519431 0.821533 
0.089800 -0.604341 0.791649 
0.859097 0.511557 -0.016182 
0.174943 -0.723286 0.668022 
0.228467 0.003321 0.973546 
0.107349 0.105539 0.988604 
0.104847 -0.511297 0.852984 
0.259392 0.652949 0.711600 
0.076940 -0.734532 0.674198 
0.216902 -0.515045 0.829266 
0.113543 0.393594 0.912246 
0.108597 -0.359908 0.926646 
0.085342 -0.682414 0.725967 
0.096397 -0.627525 0.772606 
0.122745 -0.779816 0.613857 
0.207163 -0.502953 0.839120 
0.089126 -0.725296 0.682643 
0.182104 -0.715383 0.674586 
0.077238 -0.774083 0.628355 
0.212874 0.068132 0.974701 
0.111063 -0.042121 0.992920 
0.080705 -0.739105 0.668738 
0.304304 -0.731748 0.609872 
0.249417 -0.879176 0.406006 
0.106837 0.339587 0.934487 
0.108509 0.199405 0.973891 
0.262591 0.225186 0.938263 
0.306238 0.372761 0.875938 
0.114496 -0.761531 0.637935 
0.084364 -0.781287 0.618444 
0.090960 -0.697093 0.711187 
0.269477 -0.942430 0.198009 
0.120816 0.506230 0.853894 
0.092586 -0.821954 0.561978 
0.127364 -0.794610 0.593610 
0.323069 -0.931675 0.166156 
0.638916 0.764214 0.088104 
0.570433 0.543240 0.616033 
0.108311 0.271827 0.956232 
0.201507 -0.721230 0.662738 
0.131619 0.609973 0.781415 
0.104850 -0.438850 0.892422 
0.102604 -0.775704 0.622700 
0.231778 -0.305863 0.923432 
0.123718 0.579922 0.805223 
0.281218 -0.942311 0.181567 
0.776575 0.390367 0.494516 
0.642436 0.515382 0.567149 
0.215538 -0.976459 -0.008485 
0.131003 -0.101269 0.986196 
0.238563 -0.044107 0.970125 
0.482547 0.535384 0.693190 
0.097418 -0.816932 0.568446 
0.217811 -0.565091 0.795758 
0.225132 -0.973073 0.049447 
0.224244 -0.974382 0.017136 
0.083732 -0.764071 0.639676 
0.231311 -0.964024 0.130969 
0.275579 -0.961173 -0.014256 
0.129551 -0.785881 0.604656 
0.760052 0.649643 -0.016881 
0.089489 -0.730113 0.677441 
0.253065 0.099867 0.962281 
0.167979 0.609978 0.774409 
0.083938 -0.748090 0.658268 
0.257204 -0.508940 0.821478 
0.233766 0.561185 0.793993 
0.222251 -0.482453 0.847256 
0.271157 -0.962257 -0.023116 
0.857082 0.345912 0.381779 
0.119254 -0.445923 0.887092 
0.210830 -0.709460 0.672472 
0.092597 -0.727186 0.680166 
0.084867 -0.744448 0.662264 
0.095519 -0.676985 0.729772 
0.101857 -0.649763 0.753282 
0.248669 -0.968430 -0.017509 
0.081823 -0.803095 0.590207 
0.121718 -0.474895 0.871584 
0.230118 -0.968199 0.098162 
0.225798 -0.960198 0.164423 
0.271847 -0.903405 0.331601 
0.359611 0.470149 0.806002 
0.222584 -0.709271 0.668873 
0.300535 -0.953761 0.004311 
0.087251 -0.713724 0.694972 
0.188721 -0.748946 0.635188 
0.234007 0.010259 0.972181 
0.229713 -0.239765 0.943263 
0.311785 0.698445 0.644177 
0.373762 0.748917 0.547198 
0.116771 0.478212 0.870447 
0.331643 -0.825791 0.456160 
0.107496 -0.570057 0.814543 
0.688737 0.716087 0.113404 
0.554387 0.544011 0.629847 
0.194355 -0.723537 0.662360 
0.217868 0.535532 0.815928 
0.114557 -0.749453 0.652071 
0.259603 0.617596 0.742416 
0.240928 -0.970467 -0.012180 
0.906235 0.419822 0.049887 
0.089309 -0.740401 0.666206 
0.089174 -0.731661 0.675811 
0.123018 -0.226792 0.966143 
0.239325 -0.467979 0.850717 
0.252917 0.044554 0.966462 
0.109248 -0.592989 0.797765 
0.272189 0.673369 0.687377 
0.148704 -0.781965 0.605325 
0.229412 0.530607 0.815982 
0.409964 0.463345 0.785647 
0.158111 0.604930 0.780423 
0.099638 -0.725432 0.681043 
0.238275 -0.723418 0.647990 
0.276959 -0.538028 0.796128 
0.340908 -0.731470 0.590537 
0.686870 0.722888 0.075116 
0.286599 -0.957532 -0.031526 
0.129578 -0.369005 0.920350 
0.124761 -0.750570 0.648906 
0.354662 -0.919066 0.171852 
0.099503 -0.694070 0.712998 
0.247021 -0.784507 0.568797 
0.129334 -0.324897 0.936864 
0.115390 -0.550509 0.826816 
0.913216 0.373495 0.162905 
0.109731 -0.624388 0.773368 
0.310051 0.243123 0.919108 
0.368190 -0.875450 0.313086 
0.205256 0.572968 0.793459 
0.181162 0.605729 0.774773 
0.125687 -0.739523 0.661293 
0.339622 0.408162 0.847385 
0.122028 0.303274 0.945058 
0.502853 0.812210 0.295727 
0.195837 -0.738329 0.645382 
0.337754 0.439642 0.832248 
0.098098 -0.811832 0.575592 
0.302060 -0.583183 0.754094 
0.245925 0.542744 0.803088 
0.147968 -0.778757 0.609625 
0.237988 -0.533782 0.811443 
0.144678 0.567415 0.810623 
0.091751 -0.735169 0.671645 
0.103147 -0.802890 0.587136 
0.253304 -0.005890 0.967369 
0.237923 -0.503363 0.830673 
0.780407 0.623792 -0.042997 
0.094404 -0.785892 0.611115 
0.126832 0.227934 0.965381 
0.259282 0.569438 0.780072 
0.161258 -0.773864 0.612479 
0.148711 0.598373 0.787296 
0.916392 0.399676 0.022010 
0.267289 -0.950539 0.158215 
0.127383 0.161066 0.978688 
0.119548 -0.748153 0.652668 
0.247416 -0.484525 0.839059 
0.128240 0.059772 0.989940 
0.092317 -0.749231 0.655843 
0.161447 0.610664 0.775258 
0.374050 -0.807428 0.456230 
0.096641 -0.739779 0.665873 
0.260284 -0.965178 0.026144 
0.367540 -0.918099 0.148355 
0.289671 0.688226 0.665158 
0.112563 -0.665264 0.738074 
0.131026 -0.041447 0.990512 
0.322703 0.695723 0.641741 
0.260848 -0.386508 0.884630 
0.102161 -0.745454 0.658681 
0.120409 -0.514422 0.849042 
0.098196 -0.723752 0.683038 
0.253331 -0.240556 0.936993 
0.281494 -0.870700 0.403289 
0.307865 -0.951127 -0.024009 
0.112978 -0.640705 0.759429 
0.259133 -0.963530 0.066775 
0.139356 -0.765909 0.627664 
0.207736 -0.727688 0.653694 
0.142994 0.533899 0.833369 
0.114679 -0.699867 0.705007 
0.264128 -0.048115 0.963287 
0.768570 0.475686 0.427812 
0.100373 -0.747512 0.656621 
0.297692 -0.914100 0.275320 
0.139210 -0.160288 0.977204 
0.336144 -0.940915 0.041050 
0.292499 0.096080 0.951427 
0.255936 -0.031356 0.966185 
0.527635 0.535405 0.659502 
0.106656 -0.692907 0.713095 
0.107841 -0.686911 0.718696 
0.910115 0.373729 0.178932 
0.098555 -0.735858 0.669925 
0.247245 -0.450040 0.858099 
0.109407 -0.787638 0.606347 
0.123810 0.449341 0.884739 
0.264975 -0.004562 0.964244 
0.866371 0.497043 -0.048475 
0.123975 -0.575295 0.808496 
0.264324 -0.958215 0.109350 
0.422106 0.744025 0.517932 
0.349385 -0.936800 -0.018326 
0.133931 -0.728866 0.671429 
0.162769 -0.761499 0.627395 
0.139082 -0.222922 0.964864 
0.275063 -0.483820 0.830818 
0.839776 0.542781 -0.012820 
0.193421 0.594418 0.780548 
0.126765 0.360136 0.924247 
0.112245 -0.801167 0.587821 
0.370474 -0.916261 0.152366 
0.564993 0.773531 0.287112 
0.287879 0.671088 0.683203 
0.326105 -0.929933 0.169944 
0.142049 -0.448219 0.882565 
0.188592 -0.750365 0.633550 
0.240143 -0.705626 0.666651 
0.129486 -0.730601 0.670415 
0.275203 0.039016 0.960594 
0.372806 -0.722567 0.582162 
0.906204 0.421391 0.034984 
0.385991 0.435092 0.813453 
0.143272 0.484526 0.862965 
0.326925 -0.558261 0.762538 
0.114430 -0.765584 0.633078 
0.104854 -0.730544 0.674767 
0.091368 -0.758383 0.645373 
0.829667 0.428631 0.357670 
0.140615 0.293844 0.945454 
0.354819 0.690243 0.630609 
0.120430 -0.663707 0.738234 
0.383409 -0.896668 0.221322 
0.297729 -0.515647 0.803409 
0.117312 -0.790680 0.600885 
0.101122 -0.707761 0.699177 
0.252924 -0.525392 0.812399 
0.343467 0.320157 0.882910 
0.694130 0.537231 0.479131 
0.256873 -0.702676 0.663523 
0.402535 -0.839947 0.363942 
0.100974 -0.767475 0.633077 
0.319960 -0.947011 -0.028212 
0.263630 -0.435252 0.860846 
0.149403 0.208331 0.966580 
0.304124 -0.866229 0.396430 
0.105412 -0.703989 0.702344 
0.141068 -0.474978 0.868617 
0.248272 -0.029544 0.968240 
0.392452 -0.904971 0.164347 
0.314593 -0.935773 0.159245 
0.115026 -0.779248 0.616069 
0.270438 -0.010766 0.962677 
0.249605 0.529471 0.810776 
0.366387 -0.930294 0.017701 
0.276835 -0.960385 0.031988 
0.269351 -0.462168 0.844897 
0.111537 -0.701668 0.703719 
0.169446 0.584855 0.793242 
0.133990 -0.514567 0.846916 
0.313465 0.678945 0.663907 
0.149007 0.166394 0.974736 
0.177008 0.600393 0.779869 
0.127591 -0.621588 0.772884 
0.348188 -0.570262 0.744021 
0.605244 0.561944 0.563825 
0.271162 -0.040187 0.961695 
0.107455 -0.760459 0.640434 
0.303452 0.667749 0.679727 
0.772994 0.632698 0.046626 
0.233643 -0.721267 0.652062 
0.845106 0.433932 0.312249 
0.123893 -0.751370 0.648146 
0.336191 -0.920502 0.199127 
0.133643 -0.557177 0.819569 
0.536605 0.537741 0.650299 
0.268073 -0.166046 0.948981 
0.423417 0.452036 0.785100 
0.205421 -0.736775 0.644178 
0.259658 0.517944 0.815053 
0.148161 -0.739104 0.657095 
0.152390 -0.201530 0.967555 
0.266345 -0.264320 0.926928 
0.289904 0.580322 0.761040 
0.148434 0.005831 0.988905 
0.110791 -0.804305 0.583798 
0.124410 -0.650243 0.749471 
0.153431 -0.390046 0.907922 
0.380308 0.371681 0.846888 
0.282403 -0.768628 0.573985 
0.271417 0.519026 0.810521 
0.160116 0.549245 0.820179 
0.101339 -0.718950 0.687635 
0.294865 -0.459778 0.837651 
0.283126 0.533282 0.797151 
0.302997 0.032300 0.952444 
0.170869 -0.745799 0.643884 
0.108099 -0.714187 0.691557 
0.134585 -0.593199 0.793727 
0.342804 0.195102 0.918924 
0.328130 -0.903946 0.274247 
0.152282 -0.076578 0.985366 
0.118605 -0.721930 0.681725 
0.283926 -0.955485 0.080214 
0.272908 -0.372191 0.887127 
0.303067 -0.952664 -0.024114 
0.160939 0.510266 0.844824 
0.271934 -0.692801 0.667891 
0.894700 0.419775 0.152646 
0.129105 -0.734021 0.666742 
0.169172 0.365491 0.915313 
0.110733 -0.748967 0.653289 
0.612768 0.730919 0.300454 
0.263113 -0.488757 0.831798 
0.112039 -0.736919 0.666632 
0.260655 -0.047234 0.964276 
0.405000 -0.879818 0.248788 
0.421101 0.705547 0.569979 
0.155016 0.323273 0.933523 
0.126116 -0.756499 0.641719 
0.392352 -0.669595 0.630636 
0.281685 -0.430508 0.857506 
0.139180 0.410499 0.901177 
0.120444 -0.695505 0.708355 
0.156054 0.462985 0.872520 
0.112401 -0.755882 0.644988 
0.103921 -0.722420 0.683600 
0.137286 -0.712921 0.687674 
0.299351 -0.954115 0.007313 
0.326392 -0.859002 0.394441 
0.292578 -0.013948 0.956140 
0.255345 -0.026964 0.966474 
0.166206 0.438746 0.883107 
0.371568 0.295048 0.880275 
0.214269 0.583756 0.783146 
0.113800 -0.794723 0.596209 
0.129303 -0.673841 0.727475 
0.158031 -0.281761 0.946381 
0.324867 0.649684 0.687293 
0.134198 -0.659501 0.739628 
0.244853 0.550790 0.797921 
0.171408 -0.733464 0.657762 
0.295853 -0.954132 0.045865 
0.110533 -0.773018 0.624680 
0.463435 0.487300 0.740113 
0.107457 -0.710810 0.695127 
0.374025 -0.615472 0.693758 
0.143128 -0.707473 0.692095 
0.149984 -0.505753 0.849540 
0.113732 -0.720928 0.683614 
0.868277 0.487197 0.093461 
0.119790 -0.701867 0.702163 
0.387706 0.667976 0.635211 
0.120076 -0.703943 0.700033 
0.279006 -0.710600 0.645913 
0.274969 -0.181239 0.944216 
0.127466 -0.772004 0.622706 
0.408196 0.425911 0.807450 
0.203279 0.591976 0.779899 
0.312891 0.566651 0.762237 
0.736839 0.658525 0.153014 
0.274700 -0.010870 0.961469 
0.273480 -0.064993 0.959679 
0.154294 -0.333681 0.929973 
0.824551 0.558595 0.089931 
0.161617 -0.160056 0.973787 
0.208683 -0.732200 0.648332 
0.112606 -0.719933 0.684847 
0.321112 -0.941805 0.099454 
0.319269 -0.481141 0.816438 
0.306267 -0.741908 0.596468 
0.140229 -0.697314 0.702914 
0.343450 0.071806 0.936422 
0.310610 -0.947994 0.069488 
0.276914 -0.426598 0.861007 
0.153347 -0.711646 0.685597 
0.456587 0.680900 0.572629 
0.160109 -0.440583 0.883319 
0.278531 -0.503016 0.818166 
0.580441 0.691976 0.429253 
0.143186 -0.656376 0.740722 
0.338290 0.656148 0.674559 
0.279820 -0.270678 0.921105 
0.130547 -0.701560 0.700551 
0.343190 -0.939095 -0.017924 
0.139272 -0.682072 0.717901 
0.396515 -0.911553 0.108845 
0.143944 -0.567688 0.810562 
0.131380 -0.727054 0.673893 
0.126093 -0.709914 0.692908 
0.180930 0.564669 0.805241 
0.193299 0.586707 0.786391 
0.122064 -0.788758 0.602462 
0.414387 -0.840168 0.349859 
0.164041 0.123728 0.978663 
0.155564 -0.527588 0.835135 
0.354573 -0.858559 0.370343 
0.130179 -0.728869 0.672163 
0.146825 -0.676986 0.721202 
0.349732 -0.807073 0.475731 
0.113430 -0.709653 0.695361 
0.162767 -0.474135 0.865276 
0.285719 -0.418604 0.862053 
0.712203 0.626142 0.317353 
0.406950 -0.742366 0.532245 
0.122516 -0.788085 0.603251 
0.152840 -0.691861 0.705669 
0.277286 -0.127963 0.952228 
0.805818 0.491731 0.329936 
0.142595 -0.609495 0.779861 
0.601225 0.577887 0.551883 
0.169499 -0.239139 0.956077 
0.146960 -0.631559 0.761272 
0.130405 -0.719664 0.681967 
0.174170 0.525794 0.832590 
0.166127 -0.010289 0.986051 
0.326116 -0.945292 -0.008486 
0.684479 0.575794 0.447157 
0.178160 -0.717891 0.672972 
0.358584 -0.921201 0.151018 
0.130485 -0.742182 0.657374 
0.288574 -0.684187 0.669786 
0.169918 -0.076926 0.982451 
0.253578 -0.711768 0.655046 
0.661530 0.677771 0.320943 
0.174796 0.487250 0.855590 
0.413188 -0.844959 0.339589 
0.287903 -0.439885 0.850654 
0.274709 -0.054275 0.959994 
0.175515 -0.385487 0.905867 
0.119203 -0.779350 0.615146 
0.180794 0.400732 0.898180 
0.118080 -0.760710 0.638261 
0.368829 -0.929489 0.004004 
0.410705 -0.755559 0.510344 
0.121451 -0.784067 0.608678 
0.181275 -0.748368 0.638032 
0.392968 -0.914595 0.095355 
0.343582 -0.503256 0.792897 
0.118081 -0.749237 0.651691 
0.314244 -0.443484 0.839388 
0.214935 -0.723867 0.655607 
0.270490 -0.047995 0.961526 
0.371518 -0.851280 0.370536 
0.524805 0.553869 0.646381 
0.128897 -0.709050 0.693278 
0.269424 -0.491339 0.828249 
0.154106 -0.657312 0.737694 
0.367895 -0.901093 0.229533 
0.175324 -0.445476 0.877959 
0.298475 -0.689491 0.659936 
0.154579 -0.576691 0.802205 
0.402243 -0.880127 0.252146 
0.428089 0.441249 0.788694 
0.327292 -0.944776 0.016665 
0.132821 -0.756325 0.640571 
0.173150 0.162528 0.971393 
0.318451 0.509047 0.799662 
0.194325 -0.723910 0.661960 
0.269422 -0.007556 0.962993 
0.253767 -0.014518 0.967156 
0.275355 -0.051910 0.959940 
0.125258 -0.708192 0.694820 
0.232910 0.569818 0.788074 
0.279813 -0.057643 0.958323 
0.206676 -0.725698 0.656238 
0.121780 -0.751523 0.648369 
0.761160 0.553721 0.337682 
0.131034 -0.726366 0.674702 
0.510918 0.649038 0.563660 
0.421461 0.615259 0.666204 
0.310765 0.490738 0.814003 
0.396469 -0.875665 0.275721 
0.389830 -0.902725 0.181992 
0.411968 0.381280 0.827592 
0.286509 0.497925 0.818525 
0.385848 -0.839157 0.383324 
0.131833 -0.717067 0.684423 
0.203365 0.569510 0.796430 
0.129037 -0.772230 0.622102 
0.183752 -0.137289 0.973338 
0.220528 0.576656 0.786661 
0.364141 -0.522229 0.771154 
0.386468 -0.914640 0.118642 
0.175981 -0.699885 0.692236 
0.167095 -0.599957 0.782388 
0.331975 0.538052 0.774785 
0.348987 -0.936888 0.021177 
0.122967 -0.761340 0.636586 
0.536186 0.579349 0.613889 
0.371265 0.199000 0.906952 
0.185063 -0.335902 0.923538 
0.126384 -0.737991 0.662870 
0.292496 -0.376462 0.879046 
0.331214 -0.941819 0.057225 
0.481119 0.522935 0.703607 
0.571694 0.603466 0.555873 
0.375561 -0.925871 0.041442 
0.396203 -0.815977 0.420957 
0.588877 0.631500 0.504412 
0.331287 -0.717458 0.612783 
0.180383 -0.192793 0.964517 
0.170563 -0.511784 0.842013 
0.688818 0.605214 0.399057 
0.134551 -0.723615 0.676961 
0.402959 -0.779877 0.478974 
0.126433 -0.774101 0.620309 
0.253802 -0.005656 0.967240 
0.389597 -0.592495 0.705098 
0.195370 0.542647 0.816924 
0.406617 0.589302 0.698130 
0.310153 -0.418625 0.853556 
0.221748 -0.701247 0.677555 
0.399350 -0.702657 0.588891 
0.134961 -0.742229 0.656416 
0.400446 0.302752 0.864861 
0.471279 0.606947 0.639931 
0.333076 0.004577 0.942889 
0.192697 0.453584 0.870132 
0.391882 -0.607931 0.690542 
0.277331 -0.465148 0.840669 
0.173933 -0.634516 0.753085 
0.127365 -0.762349 0.634509 
0.173316 0.214735 0.961171 
0.202200 0.279395 0.938644 
0.335450 -0.453892 0.825503 
0.184608 0.194122 0.963450 
0.278750 -0.484337 0.829286 
0.172492 -0.682317 0.710415 
0.114273 -0.719591 0.684931 
0.352878 -0.930480 0.098405 
0.359063 -0.713603 0.601535 
0.191262 -0.258115 0.946993 
0.320471 -0.672948 0.666663 
0.134943 -0.753327 0.643653 
0.187871 0.502092 0.844161 
0.130573 -0.764410 0.631370 
0.397498 0.536651 0.744313 
0.183649 -0.012175 0.982917 
0.231002 -0.706238 0.669228 
0.176884 -0.533267 0.827247 
0.371617 0.107140 0.922183 
0.305929 -0.666564 0.679780 
0.268308 -0.696191 0.665829 
0.271239 -0.042497 0.961574 
0.273281 0.524683 0.806241 
0.286153 -0.228977 0.930422 
0.186896 -0.081804 0.978968 
0.306770 0.481044 0.821273 
0.128456 -0.742447 0.657473 
0.428314 0.427370 0.796179 
0.185294 -0.480601 0.857140 
0.260972 -0.000914 0.965346 
0.287797 -0.434586 0.853409 
0.127518 -0.746208 0.653386 
0.480109 0.569005 0.667629 
0.297756 -0.417145 0.858680 
0.376516 -0.542152 0.751204 
0.286039 -0.062805 0.956157 
0.395785 -0.651061 0.647668 
0.128844 -0.742850 0.656942 
0.193455 0.108855 0.975052 
0.441633 0.472623 0.762619 
0.125618 -0.711260 0.691614 
0.392434 0.212218 0.894963 
0.313510 -0.038834 0.948790 
0.179344 -0.654179 0.734769 
0.200389 -0.416937 0.886571 
0.249626 0.552773 0.795065 
0.131874 -0.751536 0.646377 
0.257025 0.005413 0.966390 
0.269167 -0.005560 0.963077 
0.250661 0.038302 0.967317 
0.194952 0.150823 0.969147 
0.293730 -0.678343 0.673479 
0.284935 -0.180745 0.941352 
0.294964 -0.426097 0.855241 
0.245467 0.049848 0.968122 
0.179098 -0.569301 0.802384 
0.327122 -0.650703 0.685257 
0.250679 0.024499 0.967760 
0.136083 -0.730687 0.669013 
0.237278 0.557114 0.795816 
0.280466 -0.040366 0.959015 
0.299874 0.485628 0.821121 
0.219577 0.546927 0.807872 
0.342346 -0.651422 0.677089 
0.195190 -0.190524 0.962082 
0.328531 -0.433650 0.839056 
0.196636 -0.463599 0.863950 
0.213117 -0.688674 0.693043 
0.133187 -0.728745 0.671708 
0.125167 -0.714737 0.688102 
0.128343 -0.719000 0.683057 
0.358894 0.445598 0.820145 
0.133476 -0.718049 0.683074 
0.213405 0.520399 0.826827 
0.132117 -0.736956 0.662904 
0.368816 -0.680702 0.632946 
0.193418 -0.684015 0.703359 
0.199965 0.477165 0.855761 
0.226302 -0.687861 0.689663 
0.202010 -0.061624 0.977443 
0.405338 0.290801 0.866681 
0.297217 -0.444286 0.845146 
0.349482 -0.455038 0.819025 
0.198048 -0.543807 0.815506 
0.280528 -0.451626 0.846958 
0.379537 -0.651006 0.657375 
0.188035 -0.665159 0.722639 
0.132670 -0.715972 0.685407 
0.127774 -0.715912 0.686399 
0.297827 -0.371662 0.879299 
0.373674 0.460671 0.805078 
0.293309 -0.480324 0.826594 
0.425863 0.430805 0.795643 
0.444034 0.514371 0.733659 
0.423000 0.539628 0.727924 
0.206783 0.185937 0.960556 
0.132329 -0.723687 0.677323 
0.300694 -0.053143 0.952239 
0.282895 -0.480314 0.830222 
0.210326 0.244567 0.946546 
0.191662 -0.583179 0.789410 
0.258653 0.016045 0.965837 
0.266058 -0.003828 0.963949 
0.134709 -0.722241 0.678396 
0.209375 0.404993 0.890024 
0.271069 -0.065418 0.960334 
0.297690 -0.318629 0.899920 
0.207662 -0.155244 0.965803 
0.407805 0.329010 0.851732 
0.216810 -0.670077 0.709923 
0.267469 0.007156 0.963540 
0.366385 0.052618 0.928974 
0.337596 -0.629525 0.699805 
0.282859 -0.154572 0.946625 
0.203034 -0.491474 0.846895 
0.259647 0.537488 0.802303 
0.286316 0.507400 0.812754 
0.195168 -0.521928 0.830362 
0.206845 0.331841 0.920379 
0.374946 -0.586603 0.717853 
0.137023 -0.718671 0.681716 
0.388275 0.122011 0.913431 
0.208979 0.099077 0.972888 
0.136430 -0.736921 0.662068 
0.339883 -0.438698 0.831880 
0.295633 -0.049438 0.954022 
0.133740 -0.718254 0.682806 
0.339385 0.439663 0.831574 
0.212473 0.000479 0.977167 
0.246795 0.065953 0.966821 
0.254158 0.532015 0.807690 
0.212750 0.445778 0.869494 
0.412120 0.456186 0.788702 
0.305411 -0.431103 0.849043 
0.207184 -0.628982 0.749304 
0.391822 0.434587 0.810931 
0.226531 0.479797 0.847632 
0.357629 -0.631546 0.687933 
0.213979 -0.328844 0.919823 
0.239630 0.105303 0.965137 
0.221273 -0.465635 0.856868 
0.282059 -0.674080 0.682685 
0.327666 -0.433668 0.839385 
0.215326 -0.435492 0.874060 
0.257434 0.063448 0.964211 
0.277193 -0.462846 0.841984 
0.287373 -0.039639 0.956998 
0.212061 -0.649534 0.730161 
0.243928 0.089622 0.965643 
0.201763 -0.609591 0.766610 
0.299138 -0.384319 0.873393 
0.362172 -0.594888 0.717593 
0.219461 -0.103757 0.970088 
0.357689 -0.461378 0.811905 
0.242603 0.517671 0.820464 
0.285107 -0.010604 0.958437 
0.281370 0.512000 0.811596 
0.221391 0.083295 0.971621 
0.272171 0.032179 0.961711 
0.217288 -0.525103 0.822832 
0.314560 -0.649788 0.691974 
0.348762 0.001055 0.937211 
0.254270 0.033197 0.966563 
0.217907 0.165407 0.961851 
0.381883 0.077487 0.920957 
0.283128 -0.480825 0.829847 
0.229875 -0.071189 0.970613 
0.135671 -0.726262 0.673897 
0.237520 -0.489730 0.838897 
0.137913 -0.727520 0.672082 
0.363699 -0.521627 0.771770 
0.271844 -0.473653 0.837708 
0.250066 -0.658700 0.709635 
0.402616 0.382025 0.831839 
0.242752 0.123018 0.962257 
0.219030 -0.198258 0.955364 
0.230062 0.094138 0.968612 
0.223782 0.235329 0.945802 
0.226233 0.195387 0.954276 
0.340391 -0.615017 0.711258 
0.346841 -0.451412 0.822149 
0.319948 0.455761 0.830611 
0.273106 -0.480619 0.833318 
0.230791 -0.501845 0.833599 
0.289700 -0.238104 0.927028 
0.233022 0.111741 0.966030 
0.233679 -0.362138 0.902358 
0.294245 -0.436570 0.850192 
0.222085 0.394295 0.891745 
0.370814 0.403404 0.836518 
0.288999 -0.466369 0.836050 
0.301208 -0.027857 0.953151 
0.239359 0.015247 0.970811 
0.292028 -0.655459 0.696486 
0.395267 0.150680 0.906123 
0.243548 0.491457 0.836155 
0.282707 0.501723 0.817527 
0.263428 -0.056424 0.963028 
0.327977 -0.447158 0.832154 
0.233471 -0.474691 0.848622 
0.235654 0.169721 0.956902 
0.136168 -0.718168 0.682417 
0.133061 -0.714464 0.686903 
0.239773 0.303460 0.922183 
0.294338 -0.320070 0.900511 
0.253587 -0.027587 0.966919 
0.324886 -0.023551 0.945460 
0.133888 -0.714738 0.686458 
0.303262 -0.459507 0.834797 
0.269689 0.502530 0.821420 
0.245668 -0.635127 0.732298 
0.244361 0.410837 0.878351 
0.243380 -0.100457 0.964715 
0.277224 -0.464304 0.841171 
0.362233 -0.483360 0.796963 
0.229860 -0.570842 0.788228 
0.332601 -0.614242 0.715600 
0.364544 0.029529 0.930718 
0.328483 0.429286 0.841316 
0.238024 -0.169485 0.956357 
0.250717 -0.427181 0.868710 
0.351286 -0.571345 0.741730 
0.284404 -0.231954 0.930221 
0.256905 -0.484787 0.836051 
0.240388 -0.594348 0.767440 
0.368664 0.369829 0.852827 
0.241924 0.191333 0.951244 
0.234205 0.343246 0.909577 
0.289181 -0.321524 0.901663 
0.259033 -0.481405 0.837347 
0.301198 -0.635371 0.711044 
0.284816 -0.362936 0.887219 
0.273960 0.087619 0.957742 
0.245346 -0.344328 0.906225 
0.251051 0.140122 0.957778 
0.275154 0.050417 0.960077 
0.257173 -0.148558 0.954878 
0.348810 0.411147 0.842193 
0.297954 -0.002009 0.954578 
0.327490 -0.479934 0.813888 
0.283883 0.041367 0.957966 
0.391060 0.300764 0.869835 
0.256250 -0.507394 0.822732 
0.348659 -0.484113 0.802540 
0.239656 0.232725 0.942552 
0.275569 0.475639 0.835362 
0.269505 -0.176487 0.946689 
0.254898 0.457245 0.852029 
0.236810 -0.550295 0.800685 
0.264685 -0.620013 0.738597 
0.252139 -0.198988 0.947011 
0.295204 0.469436 0.832156 
0.277157 -0.346422 0.896201 
0.336639 0.003132 0.941629 
0.248658 0.272238 0.929546 
0.252249 0.361592 0.897564 
0.302251 -0.480451 0.823293 
0.265975 -0.352735 0.897126 
0.383471 0.100869 0.918028 
0.263540 -0.293455 0.918929 
0.352229 -0.548951 0.758015 
0.390793 0.151623 0.907905 
0.367835 0.054245 0.928307 
0.311427 -0.606239 0.731770 
0.319311 0.011544 0.947580 
0.321421 -0.522092 0.790005 
0.370335 0.318456 0.872604 
0.245451 0.321724 0.914465 
0.276657 0.116732 0.953853 
0.255894 0.188936 0.948062 
0.309571 -0.552490 0.773899 
0.278563 -0.281656 0.918190 
0.384465 0.171623 0.907046 
0.278864 0.438539 0.854353 
0.299662 -0.489313 0.819009 
0.285494 -0.592733 0.753101 
0.257624 0.239023 0.936215 
0.349561 0.046625 0.935753 
0.266912 -0.585530 0.765449 
0.251686 -0.578161 0.776134 
0.272810 0.155339 0.949444 
0.284893 -0.513952 0.809129 
0.252532 -0.555346 0.792350 
0.276440 0.361648 0.890389 
0.297015 -0.524585 0.797868 
0.330983 0.059740 0.941744 
0.339133 0.394258 0.854136 
0.266291 -0.559071 0.785193 
0.304182 0.052718 0.951154 
0.304797 0.377581 0.874375 
0.263405 0.266862 0.927040 
0.287351 0.376506 0.880723 
0.264165 0.304987 0.914986 
0.269862 0.193781 0.943199 
0.364616 0.101545 0.925604 
0.347194 0.353034 0.868806 
0.323069 0.387849 0.863250 
0.298975 0.123515 0.946234 
0.355745 0.301070 0.884761 
0.365663 0.157390 0.917343 
0.276722 0.225308 0.934163 
0.341914 0.111698 0.933069 
0.291004 0.174476 0.940678 
0.294379 0.292987 0.909670 
0.349124 0.166239 0.922213 
0.311505 0.154599 0.937584 
0.301223 0.335607 0.892543 
0.302627 0.201502 0.931565 
0.321400 0.334804 0.885781 
0.292577 0.248682 0.923340 
0.340535 0.315010 0.885892 
0.321055 0.203953 0.924839 
0.334219 0.252619 0.908010 
0.315972 0.273968 0.908352 
