2536 1581 1044
2536 1451 1581
760 684 117
888 699 691
2316 2191 2190
0 1451 0
0 0 1044
545 543 117
158 123 118
793 389 151
201 184 138
353 298 281
131 130 119
825 172 120
722 579 127
121 119 118
196 121 118
129 123 117
983 145 123
190 149 144
189 139 126
159 150 125
140 133 128
157 126 119
367 204 126
191 180 175
710 160 127
451 315 128
286 128 124
134 132 129
290 236 129
414 130 117
130 118 119
147 131 119
131 117 130
156 152 132
592 225 146
801 136 133
173 163 133
474 169 134
254 137 134
154 136 125
219 155 136
168 137 117
174 148 137
260 138 120
138 119 121
139 124 119
139 119 126
599 140 128
141 140 125
773 141 125
177 141 133
656 529 185
287 209 142
457 187 144
144 119 124
145 1451 118
145 118 123
808 261 153
609 446 146
147 119 117
147 117 131
148 132 134
148 134 137
247 195 149
264 207 203
193 150 120
208 161 150
178 171 151
295 186 151
226 152 117
324 188 152
153 1451 129
733 153 129
1006 539 154
454 241 154
303 176 155
155 133 136
170 156 132
227 156 117
341 197 165
340 157 120
301 211 158
158 117 123
775 736 159
159 120 150
166 160 120
160 125 127
378 162 161
842 161 125
1030 766 162
162 125 161
1014 644 221
182 163 128
165 119 120
255 165 120
166 120 125
166 125 160
245 168 117
168 132 137
216 169 129
371 169 117
170 132 117
170 117 156
224 210 192
222 179 171
3157 172 118
1469 230 172
471 173 133
730 262 173
366 217 174
174 132 148
183 175 124
175 120 127
432 250 176
176 133 155
177 133 140
521 177 140
181 178 151
1138 299 178
614 223 179
179 151 171
652 362 180
180 124 175
215 181 151
776 181 1451
182 128 133
182 133 163
680 272 231
258 183 120
229 184 121
218 184 120
522 185 2536
476 185 117
345 293 186
186 118 151
2320 602 187
187 119 144
415 188 1451
232 188 132
189 126 124
189 124 139
190 144 124
190 124 149
191 175 127
191 127 180
350 267 202
263 205 194
253 193 120
343 274 193
1060 249 200
228 194 171
336 195 124
436 329 195
487 196 118
352 196 120
197 157 119
235 197 119
289 278 198
213 198 144
1067 333 200
312 200 171
201 138 121
201 121 184
279 266 202
2707 320 202
277 259 203
426 330 313
204 120 124
412 206 204
205 192 2536
2277 248 205
206 124 126
288 206 126
214 207 198
240 207 149
927 244 208
1946 1550 208
209 117 119
209 119 142
559 212 210
308 270 210
307 211 118
211 117 158
456 234 212
332 212 1451
213 144 149
220 213 149
214 198 149
214 149 207
1027 215 151
1106 475 215
327 216 129
216 117 169
217 137 132
217 132 174
356 218 120
252 218 138
1741 219 136
571 562 219
220 149 198
220 198 213
251 233 221
221 128 163
448 222 171
1310 325 222
447 326 223
223 151 179
556 224 192
574 224 171
376 225 132
703 696 225
296 256 226
441 275 226
227 117 152
227 152 156
542 228 171
228 192 194
229 121 120
229 120 184
910 311 239
230 120 172
280 231 124
231 120 183
232 132 152
314 232 152
450 331 233
553 398 242
319 238 234
234 1451 212
305 235 119
379 235 165
840 236 1451
236 123 129
500 445 237
237 198 203
956 276 238
360 337 238
496 403 239
239 120 230
240 149 203
240 203 207
1092 778 246
241 136 154
769 242 128
242 221 233
913 872 369
363 302 244
245 117 132
245 132 168
889 372 246
246 136 241
247 149 124
247 124 195
1287 354 248
248 194 205
342 291 249
628 358 249
735 309 250
250 133 176
344 251 221
597 265 251
252 138 184
252 184 218
323 253 120
922 702 253
254 134 117
254 117 137
255 120 157
255 157 165
347 292 256
515 438 257
374 257 1451
393 257 226
258 120 175
258 175 183
527 259 149
751 395 259
384 294 260
260 119 138
334 261 146
916 261 1451
1244 339 262
262 163 173
263 194 192
263 192 205
264 203 198
264 198 207
435 382 265
265 233 251
335 316 266
2490 422 266
408 269 267
267 1451 202
273 269 192
269 1451 267
509 310 270
551 270 192
272 183 124
272 124 231
709 653 417
375 273 1451
274 2536 150
274 150 193
800 639 275
275 152 226
390 276 171
513 304 276
277 203 149
277 149 259
961 285 278
278 144 198
589 514 279
411 364 279
569 394 280
306 280 120
321 281 119
748 349 281
285 2536 144
285 144 278
286 124 125
286 125 128
287 142 117
287 117 209
601 288 126
288 204 206
953 289 198
526 387 289
894 784 594
290 1451 236
439 291 194
410 348 291
449 359 317
538 292 1451
293 2536 118
293 118 186
424 294 120
294 119 260
535 295 151
396 295 2536
296 226 117
297 296 117
297 117 256
297 256 296
298 142 119
298 119 281
299 1451 171
299 171 178
301 158 118
482 301 118
302 2536 208
1021 302 208
322 303 155
1190 373 303
1055 1028 304
304 238 276
305 119 165
305 165 235
306 120 231
641 306 231
307 118 117
307 117 211
380 308 210
308 1451 270
1099 402 309
309 133 250
486 310 1451
310 192 270
370 311 230
1204 582 311
312 171 194
534 418 312
499 313 203
313 2536 237
314 152 188
314 188 232
315 2536 124
315 124 128
1199 318 316
1677 721 316
381 317 117
682 407 317
464 416 318
2401 318 2536
319 234 171
319 171 238
320 2536 192
320 192 202
623 321 119
1083 321 2536
918 322 155
821 423 322
1208 323 120
2491 323 2536
519 421 324
324 1451 188
1096 867 325
325 179 222
906 711 326
326 151 223
327 129 117
327 117 216
799 692 329
361 329 149
330 237 203
330 203 313
560 331 2536
331 128 233
338 332 1451
332 210 212
2383 606 333
919 333 171
1007 334 146
836 678 494
404 335 266
483 392 335
714 336 124
336 2536 195
400 368 337
357 337 234
1293 399 338
338 210 332
822 377 339
339 163 262
346 340 120
340 126 157
489 341 165
481 341 157
524 504 342
455 342 194
443 343 193
861 732 343
902 409 344
585 365 344
480 345 186
705 546 345
460 346 120
405 346 126
347 256 117
347 117 292
655 465 348
351 348 249
1103 826 349
498 349 142
350 202 192
350 192 267
1108 505 351
351 291 348
607 459 352
352 121 196
353 281 142
353 142 298
354 2536 194
354 194 248
356 120 138
356 138 218
637 357 234
469 357 238
1127 467 358
358 200 249
359 292 117
359 117 317
512 360 238
745 427 360
361 149 195
425 361 195
362 127 124
362 124 180
627 363 244
2436 462 363
564 458 391
364 266 279
440 434 365
365 251 344
366 174 137
366 137 217
510 367 126
367 120 204
368 1451 234
383 368 234
472 369 150
1739 620 369
1128 940 444
2751 2617 370
371 117 134
371 134 169
3132 561 372
372 136 246
924 587 373
1069 373 176
603 374 1451
479 374 226
375 1451 269
375 269 273
376 132 1451
516 376 1451
1357 488 377
377 163 339
442 378 161
1743 1273 378
379 165 197
379 197 235
380 210 1451
1321 380 1451
386 381 117
596 466 381
932 575 382
382 233 265
686 383 234
383 337 368
384 260 120
384 120 294
420 386 117
1072 437 386
772 387 2536
387 278 289
389 118 1451
389 1451 151
390 171 1451
390 1451 276
397 391 1451
391 266 364
693 392 1451
392 316 335
393 226 256
393 256 257
583 394 124
394 120 280
565 419 395
395 203 259
2952 2325 396
396 186 295
397 1451 266
397 266 391
398 233 128
398 128 242
485 413 399
399 210 338
1126 400 337
400 1451 368
1227 604 402
402 133 309
2588 1832 403
403 120 239
719 468 404
517 404 1451
405 126 340
463 405 340
1057 407 1451
407 292 317
408 267 192
408 192 269
409 221 2536
1180 1144 409
762 410 291
572 433 410
531 411 279
411 1451 364
412 204 124
412 124 206
1047 863 413
461 413 210
414 117 118
414 118 130
415 1451 132
452 415 132
981 754 716
491 430 416
493 417 192
795 417 1451
418 194 200
418 200 312
1937 419 2536
419 203 395
492 431 420
744 520 420
421 152 1451
530 421 1451
422 2536 202
422 202 266
944 689 423
423 303 322
424 120 119
424 119 294
425 195 329
425 329 361
426 313 237
426 237 330
707 528 427
547 427 337
2801 557 430
1278 430 318
477 431 117
768 431 1451
549 432 176
1333 1189 432
536 497 453
501 433 348
2973 434 2536
701 434 251
511 435 265
920 590 435
490 436 195
436 2536 329
949 533 437
437 381 386
728 438 256
502 438 1451
622 439 194
439 2536 291
544 440 365
901 633 621
441 226 1451
852 761 441
1017 442 161
891 642 442
558 443 193
443 2536 343
484 444 230
694 444 2536
445 2536 198
445 198 237
446 129 132
446 132 146
887 447 223
447 2536 326
448 171 2536
448 2536 222
449 317 292
449 292 359
450 233 2536
450 2536 331
451 128 2536
451 2536 315
452 132 188
452 188 415
648 470 453
523 453 348
2927 454 154
1257 454 2536
455 194 291
455 291 342
456 212 171
456 171 234
457 144 2536
457 2536 187
1000 458 364
1164 518 458
503 459 120
459 121 352
617 460 120
460 126 346
461 210 399
461 399 413
1051 763 462
462 302 363
463 340 346
473 463 346
624 464 318
626 570 464
1252 465 2536
465 249 348
1209 466 1451
668 466 317
3063 467 2536
467 200 358
645 468 266
884 468 1451
469 238 337
469 337 357
1878 618 470
470 348 453
952 605 471
1249 971 471
1143 472 150
2423 1782 472
473 346 405
473 405 463
474 134 129
474 129 169
720 475 1451
475 181 215
476 117 142
476 142 185
495 477 117
675 477 1451
479 226 257
479 257 374
650 480 186
1522 935 480
481 157 197
481 197 341
482 118 211
482 211 301
483 335 1451
525 508 483
1054 484 230
1195 937 484
984 485 399
485 1451 413
486 1451 192
486 192 310
619 487 118
713 487 120
1446 1104 488
488 163 377
489 165 157
489 157 341
548 490 195
490 2536 436
807 491 416
2244 1849 491
492 420 117
492 117 431
1187 1062 493
493 1451 417
567 494 1451
494 261 334
532 507 495
541 495 1451
667 496 239
2736 2283 496
497 433 2536
640 581 497
498 142 281
586 498 281
679 499 203
2122 499 2536
670 649 500
810 616 500
1191 552 501
501 410 433
502 1451 257
672 502 257
503 120 121
503 121 459
504 249 194
504 194 342
505 249 291
505 291 351
550 507 117
752 580 507
853 563 508
508 392 483
509 270 1451
509 1451 310
510 126 120
510 120 367
511 265 2536
724 511 2536
512 238 1451
512 1451 360
513 276 1451
659 513 1451
955 514 202
514 1451 279
515 257 256
515 256 438
1117 1029 516
660 588 516
1140 677 517
749 517 335
518 1451 391
518 391 458
519 324 152
519 152 421
520 1451 386
520 386 420
521 140 141
521 141 177
1022 893 522
522 117 185
523 348 433
566 523 433
1151 524 342
524 249 504
1173 525 483
1163 525 1451
688 526 289
526 2536 387
527 149 2536
2703 844 527
661 658 528
1089 528 337
739 681 529
1971 529 2536
530 1451 324
530 324 421
1183 531 279
531 1451 411
532 495 117
532 117 507
533 1451 381
533 381 437
534 312 194
534 194 418
535 151 2536
2933 1536 535
536 453 433
536 433 497
787 538 1451
538 256 292
1378 539 125
2476 886 539
847 704 541
610 541 477
542 171 192
542 192 228
757 742 543
960 543 1451
1010 544 365
892 750 544
545 117 0
545 0 543
2672 546 2536
546 293 345
547 337 360
547 360 427
573 548 195
548 2536 490
856 549 176
1247 549 2536
613 591 550
632 595 576
551 192 210
551 210 270
552 348 410
555 552 410
553 242 233
553 233 398
791 654 554
864 636 554
555 410 501
555 501 552
556 192 171
556 171 224
2100 557 2536
557 318 430
979 558 193
1581 1211 558
559 210 171
559 171 212
560 2536 128
560 128 331
2535 685 561
561 136 372
2296 562 2536
982 562 155
563 1451 392
598 563 392
564 391 364
564 364 458
695 565 395
565 2536 419
566 433 453
566 453 523
957 857 567
567 261 494
569 280 124
569 124 394
895 734 635
570 416 464
2041 571 219
1641 802 571
1046 572 410
2065 572 2536
718 573 195
928 676 573
574 171 210
574 210 224
657 608 575
575 233 382
798 726 593
576 507 550
579 125 124
634 579 124
946 611 580
580 495 507
997 737 581
1217 625 581
2059 771 582
582 239 311
583 124 120
583 120 394
796 585 344
1448 1433 585
586 281 349
586 349 498
1218 753 587
587 176 373
588 225 376
588 376 516
589 279 202
589 202 514
838 590 2536
727 590 382
741 591 117
870 715 591
592 146 132
592 132 225
665 593 1451
593 507 576
594 129 1451
866 725 594
712 595 550
780 631 595
596 381 1451
596 1451 466
683 597 251
2298 779 597
598 392 508
824 774 598
599 128 125
599 125 140
601 126 204
601 204 288
1039 602 2536
602 119 187
603 1451 226
603 226 374
938 604 2536
604 133 402
1112 605 133
1658 605 2536
965 690 606
606 171 333
607 352 120
607 120 459
687 608 2536
608 233 575
629 609 146
615 609 129
610 477 495
610 495 541
865 729 611
611 495 580
613 550 117
613 117 591
2185 614 179
614 2536 223
615 129 446
615 446 609
616 2536 445
616 445 500
617 120 126
617 126 460
1692 846 618
618 348 470
698 619 118
619 120 487
1076 758 620
620 244 369
968 621 2536
621 434 440
1679 622 194
622 2536 439
623 119 2536
1951 797 623
786 662 624
1133 899 624
625 453 497
625 497 581
630 626 464
1135 626 1451
1742 627 244
2216 627 2536
743 628 249
1631 914 628
629 146 129
629 129 609
647 630 464
630 1451 626
646 638 631
631 576 595
632 576 550
632 550 595
908 633 440
2208 789 633
634 124 127
634 127 579
635 1451 416
635 416 570
723 636 2536
636 416 554
637 234 238
637 238 357
638 1451 576
638 576 631
639 1451 152
738 639 152
674 640 497
697 651 640
641 231 280
641 280 306
3399 642 2536
642 378 442
862 644 163
1181 959 644
998 645 266
1198 645 1451
860 646 631
803 673 646
647 464 1451
827 647 1451
3275 648 453
1056 792 648
649 237 2536
2920 781 649
1081 650 186
1042 650 2536
831 671 651
651 581 640
652 180 127
652 127 362
653 273 192
653 192 417
823 815 654
1040 756 654
976 655 348
2891 1169 655
656 185 142
656 142 529
657 575 2536
933 911 832
829 817 658
658 337 528
874 659 1451
659 304 513
660 516 225
660 225 588
770 661 528
991 977 661
980 662 318
1327 1116 662
767 708 700
811 663 0
947 755 740
669 666 664
665 1451 507
665 507 593
666 1044 663
666 663 664
1785 667 239
1661 667 2536
668 317 381
668 381 466
785 717 669
669 1044 666
670 500 237
670 237 649
1094 806 671
671 581 651
672 257 438
672 438 502
1071 830 673
673 638 646
969 674 497
1757 813 674
1118 675 1451
675 431 477
903 676 2536
676 548 573
1255 677 1451
677 335 517
794 678 334
678 1451 494
679 203 2536
898 765 679
680 231 183
680 183 272
1075 681 142
2105 939 681
682 317 1451
682 1451 407
828 683 251
972 683 2536
1078 684 2536
684 0 117
1537 1253 685
685 136 561
686 234 337
686 337 383
687 2536 233
687 233 608
790 688 289
985 688 2536
1556 1361 689
1221 689 303
1544 690 2536
690 171 606
747 691 663
783 777 691
692 2536 149
692 149 329
693 1451 316
693 316 392
1337 1082 694
694 370 444
873 695 395
2542 2108 1953
950 839 696
696 146 225
782 697 640
2415 1026 697
809 698 118
698 120 619
746 699 664
706 699 663
700 1044 0
700 0 663
701 251 365
701 365 434
1348 1237 702
925 702 193
703 225 1451
703 1451 696
704 1451 477
704 477 541
1737 705 345
1233 705 2536
706 663 691
706 691 699
707 427 1451
707 1451 528
764 708 663
1015 849 708
709 417 273
709 273 653
710 127 120
710 120 160
2579 1704 711
711 151 326
712 550 1451
712 1451 595
713 120 196
713 196 487
805 714 124
909 880 714
715 1451 550
715 550 591
859 855 716
716 1451 554
988 816 717
1115 834 717
718 195 2536
718 2536 573
719 404 266
833 719 266
720 1451 181
720 181 475
2224 926 721
721 266 316
722 127 125
722 125 579
1119 723 2536
723 416 636
724 2536 435
724 435 511
1061 725 1451
725 290 594
726 576 1451
726 1451 593
727 382 435
727 435 590
843 728 256
1024 728 1451
729 1451 495
729 495 611
730 173 2536
1383 1315 730
3232 1353 732
732 274 343
733 129 146
733 146 153
734 570 1451
1260 876 734
1034 735 250
1196 812 735
736 125 120
736 120 159
1301 890 737
737 453 581
738 152 275
738 275 639
739 529 142
739 142 681
818 788 740
1063 974 740
1025 990 741
868 741 1451
879 742 0
1295 854 742
1410 743 249
1052 743 2536
744 420 1451
744 1451 520
745 360 1451
1088 745 1451
746 664 663
746 663 699
1009 747 663
747 2536 691
915 748 281
748 2536 349
749 335 404
749 404 517
1068 750 2536
750 440 544
751 259 2536
751 2536 395
1049 752 507
841 752 1451
1179 973 753
753 176 587
754 554 416
759 754 416
819 755 664
1568 1184 755
756 2536 554
756 554 654
757 543 0
757 0 742
1389 905 758
1100 758 244
759 416 716
759 716 754
2033 760 117
760 2536 684
761 1451 275
761 275 441
762 291 2536
2388 1412 762
763 2536 302
763 302 462
881 764 663
989 764 1044
885 804 765
765 499 679
3376 2345 2342
766 125 162
767 700 663
767 663 708
768 1451 420
768 420 431
769 128 221
769 221 242
770 528 1451
851 770 1451
2931 1979 771
771 239 582
772 2536 278
772 278 387
773 125 133
773 133 141
774 508 563
774 563 598
775 159 125
775 125 736
1035 776 1451
776 178 181
1479 837 777
883 777 664
1966 778 241
2038 1372 778
942 835 779
779 265 597
986 780 595
1359 1171 780
781 2536 500
781 500 649
848 782 640
1270 966 782
1473 783 691
1059 1012 783
784 290 129
784 129 594
785 669 664
943 875 785
786 624 318
786 318 662
787 1451 256
787 256 538
975 878 788
788 1044 740
789 2536 621
789 621 633
790 289 2536
996 790 2536
791 554 1451
907 791 1451
1567 792 2536
792 470 648
793 151 118
793 118 389
794 334 1451
794 1451 678
795 1451 273
795 273 417
1023 796 344
1435 995 796
797 2536 321
797 321 623
798 593 576
798 576 726
2115 799 329
2501 799 2536
800 275 1451
800 1451 639
801 133 125
801 125 136
1137 1033 802
802 562 571
941 803 646
1192 803 1451
2408 804 2536
804 499 765
805 124 2536
805 2536 714
1897 1762 806
806 581 671
1575 807 416
807 2536 491
808 153 146
808 146 261
809 118 120
809 120 698
810 500 2536
2482 810 2536
1120 811 0
1152 882 811
2372 812 2536
812 309 735
2127 813 2536
813 640 674
1079 931 896
871 858 820
816 664 1044
816 1044 717
1201 817 1451
1080 817 337
1240 954 818
1130 1018 818
1077 1066 948
897 845 819
2968 1296 820
904 869 820
1162 821 322
2515 1709 821
1429 822 339
1525 1394 822
1332 823 654
1392 1334 823
824 598 508
824 508 774
825 120 118
825 118 172
978 826 2536
826 142 349
1350 827 1451
827 630 647
2251 828 251
987 828 2536
829 658 1451
877 829 1451
830 1451 638
830 638 673
2868 831 651
1458 1264 831
832 2536 608
832 608 657
833 266 468
833 468 719
834 1044 669
834 669 717
835 2536 265
835 265 779
836 494 334
836 334 678
1243 1139 967
964 837 664
2054 1984 838
838 382 590
839 1451 146
839 146 696
963 840 1451
840 123 236
841 1451 580
841 580 752
842 125 150
842 150 161
1041 843 256
1011 843 1451
2215 921 844
844 259 527
2304 1980 845
845 755 819
2574 1605 846
846 348 618
847 541 1451
1166 847 1451
1499 848 640
1245 1097 848
1004 951 849
849 700 708
1226 1091 1053
1864 1005 850
851 1451 661
851 661 770
852 441 1451
852 1451 761
853 508 1451
853 1451 563
854 1451 543
854 543 742
1256 855 416
1235 1220 855
1134 856 176
2188 2048 856
1362 857 1451
857 261 567
2540 858 815
2124 1002 858
1016 859 716
859 416 855
860 631 1451
860 1451 646
2271 861 343
2368 861 2536
862 163 2536
1364 1345 1102
863 1451 210
863 210 413
2529 864 554
2416 864 2536
865 611 1451
865 1451 729
866 594 1451
1129 866 1451
3199 867 2536
867 179 325
1065 868 1451
868 591 741
869 654 815
869 815 820
1258 870 591
870 1451 715
871 820 815
871 815 858
872 244 150
872 150 369
873 395 2536
873 2536 695
874 1451 304
874 304 659
875 664 717
875 717 785
876 1451 635
876 635 734
1113 877 1451
877 817 829
962 900 878
878 1044 788
1090 1013 879
1265 1111 879
880 2536 336
880 336 714
881 663 1044
881 1044 764
1367 917 882
882 663 811
883 664 691
883 691 777
884 1451 404
884 404 468
2930 885 765
885 2536 804
1538 1019 886
886 154 539
887 223 2536
1531 1109 887
888 691 664
888 664 699
1830 889 246
2458 889 2536
1817 1207 890
890 453 737
891 442 2536
891 2536 642
1070 892 544
1048 892 2536
893 2536 117
893 117 522
894 594 290
894 290 784
895 635 570
895 570 734
993 896 815
930 929 896
2004 897 819
1570 1167 897
898 679 2536
898 2536 765
1154 899 1451
899 464 624
2002 1045 900
900 1044 878
901 621 440
901 440 633
902 344 221
902 221 409
2199 903 2536
903 548 676
904 820 654
904 654 869
3337 1272 905
905 244 758
1210 906 326
3352 906 2536
1325 907 1451
907 654 791
1020 908 440
908 2536 633
2030 909 714
2882 909 2536
910 239 230
910 230 311
911 657 2536
911 2536 832
1038 912 664
1193 970 934
913 369 244
913 244 872
914 2536 358
914 358 628
915 281 2536
915 2536 748
992 916 1451
916 153 261
1215 1084 917
917 663 882
2849 918 155
2619 1745 918
919 171 200
919 200 333
920 435 2536
2502 1948 920
921 2536 259
921 259 844
2486 922 253
2238 1663 922
1050 958 923
1286 936 923
1710 924 373
2853 2698 924
925 193 253
925 253 702
926 2536 266
926 266 721
927 208 150
927 150 244
928 573 2536
2286 928 2536
1344 1003 999
1428 929 850
930 896 1451
930 1451 929
1363 931 850
1098 1043 931
932 382 2536
932 2536 575
933 832 657
933 657 911
2219 934 2536
934 819 912
1250 935 2536
935 345 480
1145 1142 1110
936 837 923
1876 937 2536
1231 937 444
1834 938 2536
938 133 604
939 2536 529
939 529 681
940 370 230
940 230 444
941 646 1451
1302 941 1451
942 779 2536
942 2536 835
943 785 664
943 664 875
1969 944 423
1314 944 2536
946 580 1451
946 1451 611
947 740 664
947 664 755
948 819 664
1172 948 664
949 437 1451
949 1451 533
1242 950 696
950 1451 839
951 1044 700
951 700 849
952 471 133
952 133 605
953 198 2536
953 2536 289
1476 1132 954
1141 1064 954
955 202 1451
955 1451 514
956 238 171
956 171 276
1087 957 567
957 1451 857
1037 958 2536
1390 1186 958
1146 1031 959
959 221 644
960 1451 117
960 117 543
961 278 2536
961 2536 285
962 878 2536
962 2536 900
963 1451 123
963 123 840
1073 964 664
964 777 837
965 606 2536
3324 965 2536
1526 1212 966
966 697 782
1407 967 837
1300 1036 1032
968 2536 434
968 434 621
1303 969 497
969 2536 674
1159 1008 970
1149 1058 970
1368 1122 971
971 173 471
972 2536 597
972 597 683
2096 1131 973
973 176 753
974 1044 664
1276 974 664
1194 975 788
1121 1107 994
3081 976 348
2334 976 2536
977 1451 658
977 658 661
978 2536 142
978 142 826
979 193 2536
2587 979 2536
1200 980 318
1297 980 1451
981 716 554
981 554 754
982 155 219
1150 982 219
983 123 1451
983 1451 145
984 399 1451
984 1451 485
985 2536 526
985 526 688
986 595 1451
1229 986 1451
987 2536 683
987 683 828
988 717 664
988 664 816
989 1044 708
989 708 764
990 117 1451
990 1451 741
1156 991 661
1214 991 1451
1312 992 1451
992 153 916
993 815 1451
1352 1306 993
2230 994 2536
994 878 975
1926 995 2536
995 585 796
2014 996 2536
996 688 790
3176 997 581
2948 1515 997
1365 998 266
998 1451 645
1074 999 1451
999 850 929
1000 364 1451
1000 1451 458
1248 1246 1001
1238 1093 1086
2760 2598 1002
1002 820 858
1003 929 1451
1003 1451 999
1004 849 1044
1004 1044 951
2893 2265 1005
1005 815 850
1006 154 125
1006 125 539
1007 146 1451
1007 1451 334
1471 1178 1008
1283 1101 1008
1009 663 2536
1009 2536 747
1474 1010 365
1010 2536 544
1011 1451 728
1011 728 843
1466 1114 1012
1012 777 783
1161 1013 0
1241 1013 1451
1014 221 163
1014 163 644
1015 708 1044
1015 1044 849
1016 716 416
1016 416 859
1175 1017 161
2606 1017 2536
1203 1160 1018
1018 788 818
2425 1740 1019
1019 154 886
1020 440 2536
1020 2536 908
1021 208 244
1021 244 302
1022 522 2536
2494 1022 2536
1594 1023 344
1023 2536 796
1024 1451 438
1024 438 728
1025 741 117
1025 117 990
1026 2536 651
1026 651 697
1027 151 1451
1027 1451 215
1028 1451 238
1028 238 304
1029 1451 225
1029 225 516
1147 1030 162
3320 3266 2888
1481 1440 1031
1031 221 959
1230 1155 1032
1290 1032 923
2085 1532 1033
1033 562 802
1942 1034 250
2608 2020 1034
1165 1035 1451
1035 178 776
1320 1105 1036
1153 1124 1036
1759 1197 1037
1037 664 958
1095 1038 664
1222 1185 1038
2662 1039 2536
1039 119 602
1863 1040 654
1040 2536 756
1041 256 1451
1041 1451 843
2656 2544 1490
1042 480 650
1043 815 896
1043 896 931
2934 2284 1045
1045 1044 900
1046 410 2536
1046 2536 572
1047 413 1451
1047 1451 863
1048 2536 750
1048 750 892
1049 507 1451
1049 1451 752
1085 1050 923
1548 1262 1050
1174 1051 462
3359 2058 1051
1052 2536 628
1052 628 743
1053 850 1451
1342 1148 1125
3329 1054 230
1842 1492 1054
1055 304 1451
1055 1451 1028
1464 1056 648
1760 1284 1056
1057 1451 292
1057 292 407
1279 1058 2536
1058 934 970
1461 1059 783
1513 1475 1059
1060 200 194
1060 194 249
1061 1451 290
1061 290 725
1062 192 1451
1062 1451 493
1063 740 1044
1063 1044 974
1340 1206 1064
1064 818 954
1065 1451 591
1065 591 868
1066 912 819
1066 819 948
1968 1067 200
2874 1067 2536
1977 1068 2536
1068 440 750
1069 176 303
1069 303 373
1775 1070 544
1736 1518 1070
1071 673 1451
1071 1451 830
1072 386 1451
1072 1451 437
1073 664 777
1073 777 964
1438 1074 1451
1123 1074 850
1075 142 2536
1075 2536 681
2302 1076 620
3026 1838 1076
1077 948 912
1077 912 1066
1078 2536 0
1078 0 684
1079 896 850
1079 850 931
1080 337 658
1080 658 817
2692 1081 186
1343 1081 2536
3012 1082 2536
1082 370 694
1083 2536 281
1083 281 321
2116 1379 1084
1084 663 917
1182 1136 1085
1373 1158 1085
1921 1591 1086
1086 850 1001
1157 1087 567
1087 1451 957
1088 1451 427
1088 427 745
1089 337 427
1089 427 528
1090 879 0
1090 0 1013
1091 1001 850
1091 850 1053
1092 246 241
1092 241 778
1224 1093 1001
2394 2119 1316
2446 1094 671
3336 1094 2536
1239 1095 664
1095 2536 1038
2051 1096 325
1885 1096 2536
1097 2536 782
1097 782 848
1098 931 815
1098 815 1043
1274 1099 309
1335 1177 1099
1100 244 620
1100 620 758
2867 1101 2536
1101 970 1008
1269 1251 1102
1102 644 862
1103 349 2536
1103 2536 826
1388 1281 1104
1104 163 488
1268 1202 1105
1292 1170 1105
1106 215 1451
1106 1451 475
1168 1107 975
1494 1453 1107
1108 351 249
1108 249 505
1109 2536 447
1109 447 887
1110 664 837
1254 1110 837
1111 1451 742
1111 742 879
1223 1112 133
1828 1805 1112
1291 1113 1451
1113 817 877
1507 1188 1114
1114 777 1012
1115 717 1044
1115 1044 834
1329 1116 1451
1116 624 662
1117 516 1451
1117 1451 1029
1118 1451 431
1118 431 675
2580 1119 2536
1119 416 723
2084 1120 0
2756 1120 2536
1121 994 975
1121 975 1107
1415 1122 2536
1122 173 971
1377 1123 850
1123 999 1074
1402 1299 1124
1124 1032 1036
1216 1125 1451
1311 1125 1001
1126 337 1451
1126 1451 400
3019 1127 358
1219 1127 2536
1128 444 370
1128 370 940
1129 1451 725
1129 725 866
3225 1130 818
2892 1130 2536
1825 1131 2536
1131 176 973
1690 1132 740
2120 1922 1132
1275 1133 624
1133 1451 899
1288 1134 176
1134 2536 856
1205 1135 1451
1135 570 626
1349 1136 923
1426 1234 1136
1445 1137 802
2154 1137 2536
1138 178 1451
1138 1451 299
1139 923 837
1139 837 967
1140 517 1451
1176 1140 1451
1482 1141 954
1683 1579 1141
1317 1142 936
1142 664 1110
2403 1143 150
1934 1143 2536
1411 1144 2536
1144 344 409
1313 1145 1110
1145 936 1142
1213 1146 959
1146 2536 1031
1945 1147 162
1147 2536 1030
1148 1053 1451
1148 1451 1125
2355 1149 970
3265 2162 1149
1150 219 562
1150 562 982
1151 342 249
1151 249 524
1152 811 2536
1152 2536 882
1305 1153 1036
1846 1153 2536
1154 1451 464
1154 464 899
1397 1271 1155
1155 923 1032
1156 661 1451
1156 1451 991
1157 567 1451
1157 1451 1087
1158 2536 1050
1158 1050 1085
1159 970 912
1159 912 1008
1485 1236 1160
1160 788 1018
1161 0 1451
1339 1161 1451
1893 1162 322
1995 1512 1162
1163 1451 508
1163 508 525
1282 1164 458
1164 1451 518
1228 1165 1451
1165 178 1035
1166 1451 704
1166 704 847
1167 2536 845
1167 845 897
1427 1168 975
1504 1318 1298
2813 1954 1169
1169 465 655
1341 1280 1170
1170 1036 1105
1171 1451 631
1171 631 780
1172 664 912
1172 912 948
1173 483 1451
1338 1173 1451
1304 1174 462
2138 1174 2536
2158 1175 161
1900 1175 2536
1176 1451 677
1176 677 1140
2082 1259 1177
1177 402 1099
1517 1178 912
1810 1578 1178
1528 1179 753
1961 1179 2536
1430 1180 409
1730 1592 1180
1387 1181 644
1545 1422 1181
1182 1085 923
1182 923 1136
1309 1183 279
1183 1451 531
2294 2217 1184
1184 740 755
1185 2536 912
1393 1185 912
1336 1186 664
1186 923 958
1187 493 192
1187 192 1062
2347 1188 2536
1188 777 1114
1189 2536 250
1189 250 432
2382 1190 303
2212 1190 2536
1191 501 348
1191 348 552
1192 1451 673
1192 673 803
1193 934 912
1193 912 970
1672 1194 788
2027 1999 1614
2506 1195 484
2114 1195 2536
1196 735 2536
1604 1266 1196
2610 1197 2536
1197 664 1037
1267 1198 1451
1198 468 645
1323 1199 316
1199 1451 318
1200 318 1451
1200 1451 980
1201 1451 337
1201 337 817
1225 1202 967
1289 1261 1202
1232 1203 1018
2369 2029 1203
3172 1204 311
2618 1204 2536
1205 1451 570
1205 570 1135
1572 1542 1206
1206 818 1064
2139 1761 1207
1207 453 890
1208 120 2536
3285 1208 2536
1209 1451 317
1209 317 466
1210 326 2536
1872 1686 1210
1211 2536 443
1211 443 558
2621 2433 1212
1212 697 966
1894 1213 959
1355 1213 2536
1214 1451 977
1214 977 991
1215 917 2536
2063 1215 2536
1449 1216 1451
1216 1001 1125
1217 581 453
1217 453 625
3051 1218 587
2232 1495 1218
2311 2310 1219
1219 467 1127
1220 1451 716
1220 716 855
1221 303 423
1221 423 689
1277 1222 1038
2840 1356 1222
1223 133 2536
1714 1450 1223
1374 1346 1224
1396 1385 1224
1331 1225 967
1263 1225 2536
1226 1053 1001
1226 1001 1091
1434 1227 402
1227 2536 604
1228 1451 178
1228 178 1165
1229 1451 780
1229 780 986
1416 1230 1032
1516 1400 1230
1231 444 484
1231 484 937
1618 1232 1018
2196 2075 1437
2548 1233 2536
1233 546 705
1541 1395 1234
1234 1085 1136
1235 855 1451
1308 1235 1451
1324 1285 1236
1236 788 1160
2375 1868 1237
1237 193 702
1238 1086 1001
1238 1001 1093
1436 1239 664
2417 2352 1598
1240 818 740
1240 740 954
1241 1451 879
1241 879 1013
1242 696 1451
1242 1451 950
1243 967 923
1243 923 1139
1326 1244 262
1722 1543 1244
1783 1245 848
1245 2536 1097
1488 1347 1246
2023 1386 1246
1602 1247 2536
1247 432 549
1307 1248 1001
1248 1451 1246
1616 1249 471
1623 1249 2536
2459 2087 1250
1250 345 935
1251 2536 644
1251 644 1102
1252 2536 249
1252 249 465
2180 1804 1253
1253 136 685
1254 837 936
1254 936 1110
1255 1451 335
1255 335 677
1256 416 1451
1382 1294 1256
2131 1609 1257
1257 241 454
1258 591 1451
1258 1451 870
1330 1259 2536
1259 402 1177
1260 734 1451
1322 1260 1451
1841 1680 1261
1261 1105 1202
1655 1638 1262
1262 958 1050
1500 1384 1263
1263 1202 1225
2675 2367 1264
1264 671 831
1265 879 1451
1265 1451 1111
1831 1539 1266
1266 812 1196
1267 1451 468
1267 468 1198
1268 1105 967
1268 967 1202
1376 1269 1102
1724 1269 2536
1957 1270 782
1270 2536 966
1421 1271 2536
1271 923 1155
2452 1272 2536
1272 244 905
1273 2536 162
1273 162 378
1274 309 2536
2112 1274 2536
1275 624 1451
1275 1451 1133
1276 664 740
1276 740 974
1277 1038 2536
1574 1399 1277
1278 318 416
1278 416 430
2805 2379 1279
1279 934 1058
1933 1770 1280
1280 1036 1170
1511 1366 1328
1281 163 1104
1282 458 1451
1282 1451 1164
1587 1283 1008
2919 2497 2234
2117 1284 2536
1284 792 1056
2146 1351 1285
1285 788 1236
1286 923 664
1286 664 936
3127 1287 248
3091 1287 2536
2337 1288 176
2262 1678 1288
2164 1289 1202
1694 1439 1289
1290 923 967
1290 967 1032
1291 1451 817
1291 817 1113
1423 1292 1105
1484 1319 1292
1293 338 1451
1293 1451 399
1294 1451 855
1294 855 1256
1295 742 1451
1295 1451 854
2317 1691 1296
1296 654 820
1297 1451 662
1297 662 980
1375 1369 1354
1298 1107 1168
1409 1380 1299
1299 1032 1124
1300 1032 967
1300 967 1036
2477 1301 737
3110 1301 2536
1302 1451 803
1302 803 941
2220 1303 497
2745 1827 1303
1304 462 2536
2481 2250 1304
1403 1305 1036
1599 1551 1305
1306 1451 896
1306 896 993
1307 1001 1451
1456 1441 1307
1308 1451 1220
1308 1220 1235
1309 279 1451
1309 1451 1183
1612 1310 222
1310 2536 325
1472 1311 1001
1311 1053 1125
1312 1451 153
1312 153 992
1313 1110 936
1313 936 1145
2321 1662 1314
1314 689 944
2522 1457 1315
1315 262 730
2862 2553 1316
1316 1086 1093
1317 936 664
1317 664 1142
1647 1318 1168
1620 1521 1318
1319 2536 1170
1319 1170 1292
1320 1036 967
1320 967 1105
1321 1451 308
1321 308 380
1322 1451 876
1322 876 1260
1323 316 1451
1323 1451 1199
2008 1324 1236
1371 1324 2536
1325 1451 654
1325 654 907
1408 1326 262
1918 1718 1326
1327 662 1451
1327 1451 1116
2035 1478 1328
1398 1328 163
1329 1451 624
1329 624 1116
2083 1779 1330
1330 402 1259
1391 1331 967
1424 1413 1360
1332 654 1451
1332 1451 823
1333 432 2536
2231 1333 2536
1334 1451 815
1334 815 823
1617 1335 1099
1787 1425 1335
1336 664 923
1336 923 1186
3135 1337 694
2998 1468 1337
1338 1451 525
1338 525 1173
1339 1451 1013
1339 1013 1161
1501 1340 1064
2537 1340 2536
1341 1170 2536
2790 1534 1341
1342 1125 1053
1342 1053 1148
3277 1844 1343
1343 650 1081
1344 999 929
1344 929 1003
1370 1345 862
1381 1345 2536
1510 1506 1346
1547 1529 1346
1420 1347 1451
1487 1455 1347
3111 2468 2404
2480 2267 1348
1349 923 2536
1700 1583 1349
1350 1451 630
1350 630 827
1613 1514 1351
1351 788 1285
1414 1352 993
1352 1451 1306
2463 1353 2536
1353 274 732
2013 1401 1354
1497 1405 1358
1459 1406 1355
1355 1146 1213
2518 1356 2536
1356 1185 1222
1452 1357 377
1442 1357 2536
1465 1358 1107
1358 1298 1354
1359 780 1451
1359 1451 1171
1607 1360 2536
1360 1225 1331
2297 1361 2536
1361 303 689
1362 1451 261
1362 261 857
1363 850 815
1363 815 931
1364 1102 862
1364 862 1345
1365 266 1451
1365 1451 998
1366 1281 2536
2089 1404 1366
2912 1367 882
1367 2536 917
2125 1368 971
1955 1812 1368
1460 1369 1298
1729 1417 1369
1530 1370 862
1370 2536 1345
1768 1431 1371
1371 1285 1324
1372 2536 246
1372 246 778
1554 1373 1085
1967 1642 1373
1374 1224 1001
1374 1001 1346
1375 1354 1298
1444 1375 1298
1477 1376 1102
1376 2536 1269
1377 850 999
1377 999 1123
2595 1378 125
1941 1909 1378
1379 2536 663
1379 663 1084
1806 1520 1380
1380 1032 1299
1480 1419 1381
1381 1102 1345
1382 1256 1451
1382 1451 1294
1383 730 2536
2783 1383 2536
1789 1600 1384
1384 1202 1263
1781 1640 1385
1385 1093 1224
1489 1418 1386
1386 1001 1246
1573 1387 644
1784 1387 2536
2104 1388 1104
2032 1388 2536
2184 1389 758
2489 1738 1389
1390 958 664
1390 664 1186
1502 1391 967
2282 2226 1391
1392 823 1451
1392 1451 1334
1393 912 1038
1393 1038 1185
2000 1981 1394
1394 377 822
1882 1395 2536
1395 1085 1234
1959 1396 1224
2586 2252 1396
1622 1397 1155
1624 1563 1397
1398 163 1281
1398 1281 1328
2596 2507 1399
1399 1222 1277
1703 1400 2536
1400 1155 1230
1486 1432 1401
1401 1107 1354
1776 1402 1124
1553 1493 1402
1858 1403 1036
1987 1403 2536
1470 1404 2536
1404 1328 1366
1405 1354 1107
1405 1107 1358
1558 1406 2536
1406 1146 1355
1407 837 2536
2531 2140 1407
1630 1408 262
1721 1713 1408
1688 1409 1299
1702 1632 1409
2817 1410 249
3313 1410 2536
1569 1443 1411
1411 344 1144
1412 2536 410
1412 410 762
1447 1413 1331
1767 1597 1413
1414 993 1451
1414 1451 1352
1852 1415 2536
1415 173 1122
1523 1416 1032
1634 1593 1416
1627 1562 1417
1417 1354 1369
2329 1697 1418
1418 1001 1386
1875 1454 1419
1419 1102 1381
1561 1524 1420
1585 1584 1420
1819 1705 1421
1421 923 1271
1653 1571 1422
1422 959 1181
1596 1423 1105
1496 1423 2536
1424 1360 1331
1424 1331 1413
1947 1615 1425
1425 1177 1335
1706 1426 1136
2765 1974 1426
1505 1427 975
1940 1427 2536
1428 850 896
1428 896 929
1635 1429 339
2734 1629 1429
1498 1430 409
1859 1666 1430
2987 2150 1431
1431 1285 1371
1491 1462 1432
1432 1107 1401
1595 1467 1433
1433 365 585
1434 402 2536
2099 1434 2536
1845 1435 796
1654 1435 2536
2235 1436 664
2654 1560 1436
2106 1711 1437
1437 1203 1232
1438 1451 850
1438 850 1074
1665 1439 2536
1439 1261 1289
1440 2536 221
1440 221 1031
1441 1451 1248
1441 1248 1307
1727 1463 1442
1442 488 1357
1667 1483 1443
1443 344 1411
1444 1298 1369
1444 1369 1375
1445 802 2536
2440 1445 2536
1644 1446 488
1555 1509 1446
1552 1447 1331
1684 1650 1559
1577 1448 585
1668 1508 1448
1449 1451 1001
1449 1001 1216
2103 1836 1450
1450 1112 1223
1519 1452 377
1606 1452 2536
1652 1557 1453
1453 994 1107
1976 1454 2536
1454 1102 1419
1907 1751 1455
1455 1246 1347
1456 1307 1451
1456 1451 1441
1822 1716 1457
1457 262 1315
2569 1458 831
3148 2803 1458
1649 1459 1355
1636 1566 1459
1625 1460 1298
1540 1533 1460
2176 2149 1461
2435 1461 2536
1549 1503 1462
1462 1107 1432
1463 2536 488
1463 488 1442
1464 648 2536
1576 1464 2536
1465 1107 1298
1465 1298 1358
2078 1466 1012
2770 1466 2536
1777 1467 2536
1467 365 1433
1468 2536 1082
1468 1082 1337
2257 1469 172
3071 2851 1469
1470 2536 1328
1470 1328 1404
1471 1008 912
1471 912 1178
1472 1001 1053
1472 1053 1311
1473 691 2536
1473 2536 783
1582 1474 365
1474 2536 1010
3007 2292 1475
1475 1012 1059
1476 954 740
1476 740 1132
1477 1102 2536
1865 1477 2536
1478 2536 163
1478 163 1328
1479 777 2536
1479 2536 837
1901 1480 1381
1480 2536 1419
1586 1481 1031
1643 1481 2536
1811 1482 954
2240 2135 1482
1732 1483 2536
1483 344 1443
1484 1292 2536
2047 1590 1484
1708 1485 1160
2167 1823 1485
1881 1486 1401
1486 2536 1432
1675 1487 1347
2101 1487 2536
1488 1246 1451
1488 1451 1347
1611 1610 1489
1489 2536 1418
1490 2536 480
1490 480 1042
1580 1491 1432
1717 1491 2536
3200 2392 1492
1492 484 1054
2706 2107 1493
1493 1299 1402
1734 1494 1107
1626 1589 1494
3059 1495 2536
1495 753 1218
2288 1932 1496
1496 1292 1423
1497 1358 1354
1497 1354 1405
2147 1498 409
1498 2536 1430
3363 1499 640
2313 1499 2536
1765 1500 1263
1756 1500 2536
1975 1501 1064
2239 1973 1501
2110 1502 967
2174 2170 1502
1503 2536 1107
1503 1107 1462
1504 1298 1168
1504 1168 1318
2018 1505 975
1997 1505 2536
1527 1506 1001
3070 2031 1506
2273 1507 1114
2076 1507 2536
1508 2536 1433
1508 1433 1448
2074 1904 1509
1509 1104 1446
1510 1346 1001
1510 1001 1506
1511 1328 1281
1511 1281 1366
3208 2678 2663
1512 821 1162
2067 1513 1059
2229 1513 2536
1514 2536 788
1514 788 1351
2661 2568 2175
1515 737 997
1993 1516 1230
2260 1874 1516
2091 1517 912
2624 2272 1517
2658 1994 1673
1518 892 1070
1588 1546 1519
2001 1519 2536
1699 1657 1520
1520 1032 1380
1750 1521 2536
1521 1298 1318
1522 480 2536
1522 2536 935
2044 1523 1032
1619 1535 1523
1671 1660 1524
1689 1674 1524
1725 1525 822
1637 1525 2536
1820 1526 966
2378 2192 1526
2206 1527 1001
1693 1603 1527
1528 753 2536
2424 2359 1528
1608 1565 1529
1529 1224 1346
1890 1530 862
1715 1646 1530
1531 887 2536
1531 2536 1109
2659 1774 1532
1532 562 1033
2109 1621 1533
1533 1369 1460
1906 1826 1534
1534 1280 1341
2780 2034 1535
1535 1416 1523
1536 2536 295
1536 295 535
1537 685 2536
2841 2650 1537
2880 2205 1538
1847 1538 2536
2295 1539 2536
1539 812 1266
1800 1540 1460
3037 1540 2536
2485 1541 1234
1601 1541 2536
1938 1744 1542
1542 818 1206
1808 1628 1543
1543 339 1244
2609 2387 1544
1544 171 690
1545 1181 2536
1545 2536 1422
1546 377 2536
2079 2049 1546
1676 1547 1346
1547 2536 1529
1880 1548 1050
1548 2536 1262
1648 1549 1462
1720 1651 1549
3385 1550 2536
1550 161 208
2128 1833 1551
1551 1153 1305
1564 1552 1331
1681 1552 2536
1553 1402 2536
1553 2536 1493
2080 1554 1085
2717 1554 2536
1970 1555 1446
1555 2536 1509
2247 1556 689
2526 2419 1556
2771 1557 2536
1557 994 1453
1798 1728 1558
1558 1146 1406
1559 2536 1413
1559 1413 1447
1560 2536 1239
1560 1239 1436
1561 1420 1451
1561 1451 1524
1956 1952 1562
1562 1354 1417
1913 1563 2536
1563 1271 1397
1780 1766 1748
1902 1669 1564
1794 1656 1565
1565 1224 1529
1793 1566 2536
1566 1406 1459
3174 2829 1567
1567 470 792
2299 1568 755
2906 2301 1568
1949 1569 1411
1935 1569 2536
2690 1570 897
1570 2536 1167
1726 1659 1571
1571 959 1422
1883 1572 1206
2263 2003 1572
1573 644 2536
1573 2536 1387
1908 1574 1277
2936 1574 2536
1575 416 2536
1575 2536 807
1576 2536 1056
1576 1056 1464
1577 585 2536
1772 1735 1577
3151 2585 1578
1578 1008 1178
2977 1579 2536
1579 1064 1141
1723 1580 1432
1795 1731 1580
1581 558 2536
1581 2536 1211
1670 1582 365
1582 2536 1474
1707 1583 2536
1583 1136 1349
1584 2536 1347
1584 1347 1420
1682 1585 1420
1786 1695 1585
1664 1586 1031
1586 2536 1481
2641 1587 1008
2225 1903 1587
1588 1519 377
1588 377 1546
1916 1589 2536
1589 1453 1494
2546 1590 2536
1590 1319 1484
2976 1591 2536
1591 850 1086
1733 1592 2536
1592 1144 1180
2254 1929 1593
1593 1230 1416
1594 344 2536
1594 2536 1023
1595 1433 2536
1862 1788 1595
2177 1596 1105
1802 1639 1596
1917 1597 2536
1597 1360 1413
1598 2536 1095
1598 1095 1239
2069 1599 1305
1599 2536 1551
2060 1972 1600
1600 1202 1384
1867 1601 2536
1601 1395 1541
2373 2155 1602
1602 432 1247
2590 1603 2536
1603 1506 1527
1712 1604 1196
1604 2536 1266
2764 1605 2536
1605 348 846
1606 2536 1357
1606 1357 1452
1607 2536 1225
1607 1225 1360
2178 1608 1529
2269 1608 2536
2374 1609 2536
1609 241 1257
1816 1610 1386
1930 1910 1850
1611 1489 1386
1611 1386 1610
1936 1612 222
1612 2536 1310
1613 1351 2536
1613 2536 1514
2072 1614 2536
1614 975 1194
1615 2536 1177
1615 1177 1425
1616 471 2536
1616 2536 1249
1617 1099 2536
1617 2536 1335
3183 2679 1618
1801 1771 1618
2245 1619 1523
1619 2536 1535
1899 1620 1318
2011 1645 1620
1892 1797 1621
1621 1369 1533
2905 1622 1155
2407 1622 2536
1623 2536 971
1623 971 1249
1764 1624 1397
1851 1685 1624
1633 1625 1298
2071 1625 2536
2545 1626 1494
1931 1778 1626
1627 1417 2536
2052 1627 2536
1815 1719 1628
1628 339 1543
1629 2536 822
1629 822 1429
2012 1630 262
2830 1747 1630
2198 1631 628
3236 2556 1631
1632 2536 1380
1632 1380 1409
1749 1633 1298
2098 1633 2536
1698 1634 1416
2713 2159 1634
1925 1635 339
1914 1635 2536
1860 1636 1459
1636 2536 1566
1637 2536 1394
1637 1394 1525
2077 1746 1638
1638 958 1262
1639 2536 1423
1639 1423 1596
3047 2916 1915
1640 1093 1385
1911 1641 571
1641 2536 802
2055 1642 2536
1642 1158 1373
1643 2536 1440
1643 1440 1481
1644 488 2536
2657 1644 2536
3069 1814 1645
1645 1521 1620
1646 2536 1370
1646 1370 1530
1873 1647 1168
2253 1923 1647
2021 1648 1462
1939 1648 2536
2010 1649 1355
1958 1649 2536
1687 1650 1447
1755 1752 1650
2007 1857 1651
1651 1503 1549
1912 1652 1453
1652 2536 1557
1653 1422 2536
1653 2536 1571
1654 2536 995
1654 995 1435
1884 1655 1262
2774 1655 2536
2520 2050 1656
1656 1224 1565
1877 1696 1657
1657 1032 1520
1658 2536 471
1658 471 605
1803 1659 2536
1659 959 1571
1839 1660 1451
1920 1758 1660
3203 3140 1661
1661 496 667
2145 1891 1662
1662 689 1314
3142 2674 1663
1663 702 922
1664 1031 2536
1664 2536 1586
2137 1919 1665
1665 1261 1439
1666 2536 1180
1666 1180 1430
1667 1443 2536
1667 2536 1483
1668 1448 2536
1668 2536 1508
2163 1886 1669
1669 1552 1564
1670 365 2536
1670 2536 1582
1671 1524 1451
1671 1451 1660
1829 1672 788
2148 1672 2536
1673 2536 892
1673 892 1518
1674 2536 1420
1674 1420 1524
1773 1675 1347
1791 1675 2536
2645 1676 1346
1887 1809 1676
1677 316 2536
1677 2536 721
2194 1848 1678
1678 1134 1288
1679 194 2536
2856 1679 2536
1855 1835 1680
1680 1105 1261
1681 2536 1447
1681 1447 1552
1682 1420 2536
1754 1701 1682
1869 1683 1141
2293 1965 1683
1684 1559 1447
1684 1447 1650
2677 1685 2536
1685 1563 1624
3061 1686 2536
1686 906 1210
1843 1687 1447
1753 1687 2536
1688 1299 2536
2183 1688 2536
1689 1524 2536
2043 1689 2536
2017 1690 740
1824 1690 2536
3303 1691 2536
1691 654 1296
1692 618 2536
3123 1692 2536
1799 1693 1527
1895 1769 1693
1694 1289 2536
1694 2536 1439
1695 2536 1584
1695 1584 1585
2022 1696 2536
1696 1032 1657
2309 2019 1697
1697 1001 1418
2363 1698 1416
1698 2536 1634
1861 1699 1520
1699 2536 1657
1988 1700 1349
1700 2536 1583
1701 2536 1585
1701 1585 1682
1702 1409 2536
1702 2536 1632
1703 2536 1155
1703 1155 1400
2332 1704 2536
1704 151 711
1705 2536 923
1705 923 1421
2517 1706 1136
2241 1706 2536
2720 1707 2536
1707 1136 1583
1840 1708 1160
2143 1708 2536
2665 2543 1709
1709 423 821
2380 1710 373
2389 2326 1986
1871 1711 2536
1711 1203 1437
1964 1712 1196
2339 2249 1712
1713 2536 1326
1713 1326 1408
1866 1714 1223
2951 2094 1714
1796 1715 1530
1715 2536 1646
1716 2536 262
1716 262 1457
1717 2536 1462
1717 1462 1491
1718 2536 1244
1718 1244 1326
1719 2536 339
1719 339 1628
1720 1549 2536
2005 1792 1720
1813 1721 1408
1818 1721 2536
1722 1244 2536
2086 1905 1722
1723 1432 2536
1888 1723 2536
1724 2536 1251
1724 1251 1269
1898 1725 822
1725 2536 1525
1726 1571 2536
1726 2536 1659
2037 1727 1442
1727 2536 1463
1728 2536 1146
1728 1146 1558
2068 1729 1369
1963 1729 2536
1730 1180 2536
1730 2536 1592
1889 1731 2536
1731 1491 1580
1732 2536 344
1732 344 1483
1879 1733 2536
1733 1144 1592
1734 1107 2536
1983 1943 1734
1735 2536 1448
1735 1448 1577
1736 1070 2536
1736 2536 1518
2925 1737 345
3339 3268 1737
2171 2062 1738
1738 905 1389
2172 1739 369
2964 2573 1739
1740 2536 154
1740 154 1019
2421 2242 1741
3118 2766 1741
2070 1742 244
3391 1742 2536
3360 1743 378
2338 2258 2066
3001 2467 2203
1744 818 1542
2759 1745 2536
1745 322 918
1746 2536 958
1746 958 1638
1747 2536 1408
1747 1408 1630
1928 1748 1331
1790 1748 2536
1749 1298 2536
1749 2536 1633
1750 2536 1298
1750 1298 1521
2015 1751 2536
1751 1246 1455
1985 1854 1752
1752 1559 1650
1753 2536 1650
1753 1650 1687
1896 1754 1682
1754 2536 1701
1755 1650 2536
2207 1870 1755
1756 2536 1384
1756 1384 1500
1757 674 2536
1757 2536 813
2046 1758 2536
1758 1524 1660
2144 1759 1037
1759 2536 1197
2965 1760 1056
2583 2538 1760
3276 1761 2536
1761 453 1207
1762 2536 581
1762 581 806
2959 2228 1763
1763 1101 1283
2093 1764 1397
2053 1764 2536
1765 1263 2536
1765 2536 1500
1766 1564 1331
1766 1331 1748
1767 1413 2536
1767 2536 1597
1821 1768 1371
1768 2536 1431
2498 2319 1769
1769 1603 1693
2620 2214 1770
1770 1036 1280
2600 2360 2111
1771 1232 1618
1772 1577 2536
1998 1772 2536
1773 1347 2536
2056 1773 2536
2409 1924 1774
1774 562 1532
1775 544 2536
1775 2536 1070
1853 1776 1124
2362 1776 2536
1777 2536 365
1777 365 1467
1778 2536 1589
1778 1589 1626
1779 2536 402
1779 402 1330
1780 1748 1564
1780 1564 1766
3104 2837 2547
2443 2222 2160
1782 2536 369
1782 369 472
1783 848 2536
2246 1783 2536
1784 2536 1181
1784 1181 1387
2767 1785 239
2714 1785 2536
2009 1786 1585
1786 2536 1695
1837 1787 1335
1787 2536 1425
1788 2536 1467
1788 1467 1595
1989 1789 1384
2428 1789 2536
1790 2536 1564
1790 1564 1748
1791 2536 1487
1791 1487 1675
1792 2536 1651
1792 1651 1720
1793 2536 1406
1793 1406 1566
2821 1794 1565
2061 1794 2536
1795 1580 2536
1795 2536 1731
1807 1796 1530
3073 1796 2536
2045 1992 1797
1797 1369 1621
1798 1558 2536
1798 2536 1728
2028 1799 1527
2456 2333 1799
2006 1800 1460
1991 1800 2536
3088 1801 1618
2752 2142 1801
1802 1596 2536
2859 1802 2536
1803 2536 959
1803 959 1659
2914 1804 2536
1804 136 1253
1805 2536 605
1805 605 1112
1806 1380 2536
2255 1806 2536
1807 1530 2536
2025 1807 2536
1808 1543 2536
1808 2536 1628
2279 2102 1809
1809 1547 1676
2850 2666 2607
3167 2739 2700
2305 1811 954
2857 2687 1811
1812 2536 1122
1812 1122 1368
1813 1408 2536
1813 2536 1721
1814 2536 1521
1814 1521 1645
1815 1628 2536
1815 2536 1719
1816 1386 2536
1816 2536 1610
2328 1817 890
1817 2536 1207
1818 2536 1713
1818 1713 1721
2182 1819 1421
1819 2536 1705
3308 1820 966
1820 2536 1526
2081 1821 1371
1821 2536 1768
3039 2922 2121
1822 2536 1716
1823 2536 1236
1823 1236 1485
2432 2129 1824
1824 1132 1690
2778 2496 2213
1825 176 1131
1982 1856 1826
1826 1280 1534
1827 2536 969
1827 969 1303
1828 1112 2536
1828 2536 1805
1927 1829 788
2878 1829 2536
1830 246 2536
1830 2536 889
2197 1831 1266
1831 2536 1539
3221 2655 1832
1832 120 403
2566 1833 2536
1833 1153 1551
1834 2536 133
1834 133 938
2092 2042 1835
1835 1105 1680
1836 2536 1112
1836 1112 1450
1837 1335 2536
1837 2536 1787
2186 1838 2536
1838 758 1076
2156 2123 1839
1839 2536 1660
1840 1160 2536
2179 1840 2536
1841 1261 2536
1841 2536 1680
1842 1054 2536
1842 2536 1492
2097 1843 1447
1843 2536 1687
2742 2036 1844
1844 650 1343
1845 796 2536
1845 2536 1435
1846 2536 1124
1846 1124 1153
2095 1847 2536
1847 1019 1538
2832 1848 2536
1848 1134 1678
1849 2536 430
1849 430 491
2057 1960 1850
1850 1489 1610
1851 1624 2536
2330 1851 2536
2113 1852 2536
1852 173 1415
1853 1124 2536
2291 1853 2536
1854 2536 1559
1854 1559 1752
1855 1680 2536
1855 2536 1835
1856 2536 1280
1856 1280 1826
1857 2536 1503
1857 1503 1651
1858 1036 2536
1858 2536 1403
1859 1430 2536
2026 1859 2536
1860 1459 2536
1860 2536 1636
2165 1861 1520
2344 2118 1861
1862 1595 2536
1862 2536 1788
1863 654 2536
1863 2536 1040
2921 1864 850
2827 2366 2336
1944 1865 2536
1865 1376 1477
1978 1866 1223
1866 2536 1714
1867 2536 1395
1867 1395 1601
1868 2536 193
1868 193 1237
3116 1869 1141
2907 1869 2536
1870 2536 1752
1870 1752 1755
3086 2322 1871
1871 1203 1711
1872 1210 2536
3231 1872 2536
2676 1873 1168
1873 2536 1647
1874 2536 1400
1874 1400 1516
2289 1875 1419
1990 1875 2536
3128 2932 1876
1876 444 937
1877 1657 2536
1877 2536 1696
2918 2673 1878
2997 1878 2536
2130 1879 2536
1879 1144 1733
1880 1050 2536
3076 1880 2536
1881 1401 2536
2039 1881 2536
1882 2536 1085
1882 1085 1395
2724 1883 1206
2594 2429 1883
2152 1884 1262
1884 2536 1655
1885 2536 867
1885 867 1096
1886 2536 1552
1886 1552 1669
1887 1676 2536
1887 2536 1809
1888 2536 1580
1888 1580 1723
2016 1889 2536
1889 1491 1731
1890 862 2536
1890 2536 1530
2534 1891 2536
1891 689 1662
2800 1892 1621
2737 1892 2536
3107 1893 322
1893 2536 1162
2887 1894 959
1894 2536 1213
1895 1693 2536
2516 1895 2536
1896 1682 2536
1896 2536 1754
1897 806 2536
2710 2449 1897
1898 822 2536
1898 2536 1725
1899 1318 2536
2275 1899 2536
1900 2536 1017
1900 1017 1175
2024 1901 1381
1901 2536 1480
1902 1564 2536
1902 2536 1669
2410 2161 1903
1903 1283 1587
1904 2536 1104
1904 1104 1509
1905 2536 1543
1905 1543 1722
1906 1534 2536
1950 1906 2536
2236 1907 1455
2460 1907 2536
3006 1908 1277
2434 2314 1908
2315 1909 2536
1909 539 1378
2441 1910 1610
1962 1910 2536
2259 1911 571
3170 1911 2536
1912 1453 2536
1912 2536 1652
2962 1913 2536
1913 1271 1563
1914 2536 1429
1914 1429 1635
3160 2555 1915
1915 1093 1640
1916 2536 1453
1916 1453 1589
1917 2536 1360
1917 1360 1597
1918 1326 2536
1918 2536 1718
1919 2536 1261
1919 1261 1665
1920 1660 2536
1920 2536 1758
2386 1921 1086
2970 2558 1921
3175 2577 1922
1922 954 1132
1923 2536 1318
1923 1318 1647
2201 1924 2536
1924 562 1774
1925 339 2536
1925 2536 1635
1926 2536 585
1926 585 995
2202 1927 788
2575 2090 1927
2187 1928 1331
1928 2536 1748
1929 2536 1230
1929 1230 1593
1930 1850 1610
1930 1610 1910
1931 1626 2536
1931 2536 1778
1932 2536 1292
1932 1292 1496
1933 1280 2536
2483 1933 2536
2270 2268 1934
1934 472 1143
1935 2536 1443
1935 1443 1569
1936 222 2536
1936 2536 1612
1937 2536 203
1937 203 419
3348 1938 1542
2592 2457 2136
1939 2536 1549
1939 1549 1648
2838 1940 2536
1940 1168 1427
2523 1941 1378
3384 1941 2536
1942 250 2536
2381 2040 1942
1943 2536 1494
1943 1494 1734
1944 2536 1376
1944 1376 1865
1945 162 2536
3044 1945 2536
3094 2807 1946
2306 1946 2536
1947 1425 2536
1947 2536 1615
1948 2536 590
1948 590 920
1949 1411 2536
1949 2536 1569
1950 2536 1826
1950 1826 1906
1951 623 2536
1951 2536 797
1952 2536 1354
1952 1354 1562
1953 2536 565
1953 565 695
3159 3126 2944
1954 465 1169
1955 1368 2536
1955 2536 1812
1956 1562 2536
1956 2536 1952
2695 1957 782
2581 1957 2536
1958 2536 1459
1958 1459 1649
2795 1959 1224
1959 2536 1396
1960 2536 1489
1960 1489 1850
2223 1961 2536
1961 973 1179
2601 2365 1962
1962 1850 1910
1963 2536 1417
1963 1417 1729
1964 1196 2536
1964 2536 1712
2846 2775 1965
1965 1579 1683
2792 1966 241
3311 3197 1966
1967 1373 2536
3168 1967 2536
3137 1968 200
2738 2638 1968
2396 1969 423
2361 1969 2536
1970 1446 2536
2946 2073 1970
1971 2536 185
1971 185 529
1972 2536 1202
1972 1202 1600
3060 2869 1973
1973 1340 1501
1974 2536 1234
1974 1234 1426
2248 1975 1064
3328 2854 1975
1976 2536 1102
1976 1102 1454
2949 1977 2536
1977 440 1068
1978 1223 2536
1978 2536 1866
3030 2822 2559
1979 239 771
1980 2536 755
1980 755 845
1981 2536 377
1981 377 1394
1982 1826 2536
2157 1982 2536
1983 1734 2536
1983 2536 1943
1984 2536 382
1984 382 838
1985 1752 2536
1985 2536 1854
2960 2539 2290
1986 924 1710
2211 1987 2536
1987 1305 1403
1988 1349 2536
2709 1988 2536
1989 1384 2536
1989 2536 1789
1990 2536 1454
1990 1454 1875
1991 2536 1540
1991 1540 1800
1992 2536 1369
1992 1369 1797
1993 1230 2536
1993 2536 1516
1994 1518 2536
1994 2536 1673
3187 2876 2845
2411 2391 1995
3171 2406 1996
2462 1996 1640
1997 2536 1427
1997 1427 1505
1998 2536 1735
1998 1735 1772
1999 1194 2536
1999 2536 1614
2000 1394 2536
2000 2536 1981
2001 2536 1452
2001 1452 1519
2002 900 2536
2002 2536 1045
2614 2358 2266
2003 1542 1572
2750 2004 819
3244 2327 2004
2005 1720 2536
2005 2536 1792
2006 1460 2536
2006 2536 1800
2007 1651 2536
2007 2536 1857
2008 1236 2536
2455 2402 2008
2009 1585 2536
2009 2536 1786
2010 1355 2536
2010 2536 1649
2527 2011 1620
2011 2536 1645
2012 262 2536
2012 2536 1630
2013 1354 2536
2426 2013 2536
2014 2536 688
2014 688 996
2015 2536 1246
2015 1246 1751
2016 2536 1491
2016 1491 1889
2982 2017 740
3052 2017 2536
2018 975 2536
2018 2536 1505
2019 2536 1001
2019 1001 1697
2471 2020 2536
2020 735 1034
2021 1462 2536
2021 2536 1648
2550 2348 2022
2022 1032 1696
2691 2023 1246
2023 2536 1386
2024 1381 2536
2024 2536 1901
2025 2536 1796
2025 1796 1807
2026 2536 1666
2026 1666 1859
2027 1614 1194
2027 1194 1999
3101 2028 1527
2855 2028 2536
2029 2536 1160
2029 1160 1203
2030 714 2536
2030 2536 909
2031 2536 1346
2031 1346 1506
2032 2536 1281
2032 1281 1388
2033 117 2536
2685 2033 2536
2034 2536 1416
2034 1416 1535
2035 1328 2536
2035 2536 1478
2036 2536 650
2036 650 1844
2037 1442 2536
2064 2037 2536
2705 2038 778
3164 2493 2038
2039 2536 1486
2039 1486 1881
2040 2536 1034
2040 1034 1942
3154 2041 219
2041 2536 571
2042 2536 1105
2042 1105 1835
2043 2536 1674
2043 1674 1689
2044 1032 2536
2044 2536 1523
2045 1797 2536
2045 2536 1992
2046 2536 1524
2046 1524 1758
2047 1484 2536
2047 2536 1590
2048 2536 549
2048 549 856
2049 2536 1519
2049 1519 1546
2274 2050 2536
2050 1224 1656
2051 325 2536
3279 2999 2051
2052 2536 1562
2052 1562 1627
2053 2536 1624
2053 1624 1764
2054 838 2536
2054 2536 1984
2055 2536 1158
2055 1158 1642
2056 2536 1675
2056 1675 1773
2384 2057 1850
2287 2057 2536
3201 2461 2058
2058 763 1051
2370 2059 582
3331 2059 2536
2060 1600 2536
2060 2536 1972
3049 2061 2536
2061 1656 1794
3405 3402 2062
2062 905 1738
2280 2063 2536
2063 1084 1215
2064 2536 1727
2064 1727 2037
2794 2643 2065
2065 433 572
2066 2536 1273
2066 1273 1743
2067 1059 2536
2551 2067 2536
2068 1369 2536
2068 2536 1729
2069 1305 2536
2069 2536 1599
2323 2070 244
2070 2536 1742
2071 2536 1460
2071 1460 1625
2072 2536 975
2072 975 1614
2073 2536 1555
2073 1555 1970
2074 1509 2536
2074 2536 1904
3080 2075 1232
2904 2256 2075
2076 2536 1188
2076 1188 1507
2077 1638 2536
2077 2536 1746
2153 2078 1012
2647 2418 2078
2079 1546 2536
2079 2536 2049
2582 2080 1085
2487 2080 2536
2081 1371 2536
2081 2536 1821
2082 1177 2536
2082 2536 1259
2083 1330 2536
2083 2536 1779
2168 2084 0
2132 2084 2536
2324 2085 1033
2437 2393 2085
2086 1722 2536
2086 2536 1905
3343 3145 2087
2087 345 1250
2089 1366 2536
2089 2536 1404
2090 2536 1829
2090 1829 1927
2567 2091 912
2748 2091 2536
2092 1835 2536
2092 2536 2042
2093 1397 2536
2093 2536 1764
2094 2536 1450
2094 1450 1714
2701 2341 2095
2095 1019 1847
2469 2096 973
2612 2096 2536
2097 1447 2536
2097 2536 1843
2098 2536 1625
2098 1625 1633
2099 2536 1227
2908 2099 1227
2735 2100 2536
2100 318 557
2101 2536 1455
2101 1455 1487
2975 2627 2102
2102 1547 1809
2103 1450 2536
2103 2536 1836
2104 1104 2536
2104 2536 1388
2604 2105 681
2105 2536 939
2106 1437 2536
2106 2536 1711
2353 2107 2536
2107 1299 1493
2108 695 2536
2108 2536 1953
2109 1533 2536
2109 2536 1621
2141 2110 967
2276 2134 2110
2513 2173 2111
2111 1232 1771
2112 2536 1099
2112 1099 1274
2113 2536 173
2113 173 1852
2447 2114 2536
2114 937 1195
2115 329 2536
2782 2115 2536
2622 2116 1084
2116 2536 1379
2826 2635 2117
2117 792 1284
2118 2536 1699
2118 1699 1861
2640 2119 1093
2741 2584 2119
3021 2521 2120
2633 2451 2120
2121 1457 2536
2121 2536 1822
2122 2536 313
2122 313 499
2430 2123 1451
2448 2169 2123
2124 858 2536
2124 2536 1002
2125 971 2536
2125 2536 1368
2632 2350 2126
2126 1578 1810
2127 2536 640
2127 640 813
2128 1551 2536
2128 2536 1833
2420 2129 2536
2129 1132 1824
2130 2536 1144
2130 1144 1879
2131 1257 2536
2131 2536 1609
2318 2210 2132
2132 1120 2084
2819 2134 2536
2134 1502 2110
2611 2135 2536
2135 1141 1482
3330 2779 2136
2136 1744 1938
2335 2137 1665
2343 2137 2536
2138 2536 1051
2138 1051 1174
2883 2139 1207
2139 2536 1761
2140 2536 967
2140 967 1407
2625 2141 967
2733 2141 2536
2615 2511 2142
3045 2473 2377
2143 2536 1485
2143 1485 1708
2144 1037 2536
2597 2144 2536
3155 3079 2910
2399 2145 2536
2146 1285 2536
2146 2536 1351
2147 409 2536
2147 2536 1498
2148 2536 1194
2148 1194 1672
2149 783 2536
2943 2746 2149
2150 2536 1285
2150 1285 1431
2152 1262 2536
2152 2536 1884
2153 1012 2536
2956 2153 2536
2154 2536 1033
2154 1033 1137
2680 2155 2536
2155 432 1602
2156 1839 1451
2156 1451 2123
2157 2536 1856
2157 1856 1982
3296 2158 161
2158 2536 1175
2159 2536 1593
2159 1593 1634
3009 2688 2351
3216 2639 2453
2796 2509 2492
2161 1283 1903
2953 2653 2162
2162 1058 1149
2163 1669 2536
2163 2536 1886
2164 1202 2536
2164 2536 1289
2300 2165 1520
2165 2536 1861
2427 2167 1485
2167 2536 1823
2398 2168 0
2209 2193 2168
2221 2195 2169
2169 1839 2123
2307 2218 2170
2170 1391 1502
2171 1738 2536
2696 2171 2536
2172 369 2536
2172 2536 1739
2634 2376 2173
2173 1232 2111
2233 2174 1502
2174 2536 2170
3252 2175 2536
2175 737 1515
2176 1461 783
2176 783 2149
2177 1105 2536
2177 2536 1596
2356 2178 1529
2178 2536 1608
2179 2536 1708
2179 1708 1840
2180 1253 2536
2902 2180 2536
2605 2181 2536
2181 821 1512
2182 1421 2536
2182 2536 1819
2183 2536 1409
2183 1409 1688
2831 2184 758
2184 2536 1389
2185 179 2536
2185 2536 614
2186 2536 758
2186 758 1838
2261 2187 1331
2243 2227 2187
2560 2188 856
2500 2188 2536
2397 2354 2331
2442 2308 2189
2190 0 1581
3027 2470 2312
2264 2200 2191
2721 2561 2465
3358 2192 2536
2192 1212 1526
2652 2193 2536
2193 2084 2168
2194 1678 2536
2194 2536 1848
2346 2303 2195
2195 1839 2169
2196 1437 1232
2196 1232 2075
2197 1266 2536
2197 2536 1831
2198 628 2536
2646 2198 2536
2199 2536 548
2199 548 903
2200 2189 0
2200 0 2191
2201 2536 562
2201 562 1924
2202 788 2536
2202 2536 1927
3220 2847 2578
2203 818 1744
2204 2536 176
2204 176 1825
2205 886 2536
2205 2536 1538
2206 1001 2536
2472 2206 2536
2207 1755 2536
2207 2536 1870
2208 633 2536
2208 2536 789
2484 2209 2168
2454 2364 2209
2412 2285 2210
2210 1120 2132
2211 2536 1305
2211 1305 1987
2719 2212 2536
2212 373 1190
2980 2213 1825
2213 2536 2204
2214 2536 1036
2214 1036 1770
2215 844 2536
2215 2536 921
2216 2536 363
2216 363 627
3353 2508 2217
2217 740 1184
2599 2414 2218
2218 1391 2170
3098 2816 2219
2219 819 934
2220 497 2536
3317 2220 2536
2385 2221 2169
3013 2966 2221
2222 1996 1781
2222 1781 2160
2223 2536 973
2223 973 1961
3227 2224 721
2224 2536 926
2505 2225 1587
2773 2670 2225
3042 2226 2536
2226 1331 1391
2730 2660 2227
2227 1928 2187
2228 2536 1101
2228 1101 1763
2229 2536 1475
2229 1475 1513
2230 2536 878
2994 2230 878
3040 2231 2536
2231 1189 1333
2711 2232 1218
2232 2536 1495
2603 2233 1502
2648 2431 2233
2681 2234 1283
3099 2897 2896
2235 664 2536
2475 2235 2536
2236 1455 2536
2236 2536 1907
2629 2499 2349
2541 2390 2237
2238 922 2536
2238 2536 1663
2727 2438 2239
3373 3327 2637
2240 1482 2536
2240 2536 2135
2241 2536 1426
2241 1426 1706
2242 136 2536
2242 2536 1741
2899 2243 2187
2591 2474 2243
2642 2244 491
3017 2244 2536
2245 1523 2536
2245 2536 1619
2833 2246 2536
2246 1245 1783
2247 689 2536
2247 2536 1556
2755 2248 1064
2871 2572 2371
2249 2536 1604
2249 1604 1712
2694 2250 2536
2250 1174 1304
2251 251 2536
2251 2536 828
2252 2536 1385
2252 1385 1396
2253 1647 2536
2253 2536 1923
2563 2254 1593
2479 2413 2254
2255 2536 1520
2255 1520 1806
2961 2828 2256
2256 1437 2075
2257 172 2536
2257 2536 1469
2799 2258 1743
2702 2258 2536
2259 571 2536
2894 2259 2536
2260 1516 2536
2260 2536 1874
2405 2261 1331
2504 2261 2536
2262 1288 2536
2262 2536 1678
2263 1572 2536
2814 2593 2263
2264 2191 2189
2264 2189 2200
2265 2536 815
2265 815 1005
2266 2536 1542
3388 2858 2718
3214 2267 2536
2267 1237 1348
2268 2536 472
2268 472 1934
2269 2536 1565
2269 1565 1608
2270 1934 2536
2270 2536 2268
2271 343 2536
3250 3241 2630
2272 2536 1178
3036 2842 2272
2273 1114 2536
2273 2536 1507
2786 2747 2274
2274 1224 2050
2275 2536 1620
2275 1620 1899
2276 2110 2536
2276 2536 2134
2277 205 2536
2277 2536 248
2716 2570 2525
2519 2395 2278
2279 1809 2536
2804 2279 2536
2280 2536 1084
2280 1084 2063
2809 2787 2682
2950 2769 2445
2524 2282 1391
2282 2536 2226
2865 2283 2536
2283 403 496
2284 2536 1044
2284 1044 1045
3067 2285 2536
2285 1120 2210
2286 2536 676
2286 676 928
2287 2536 1960
2287 1960 2057
2288 1496 2536
2288 2536 1932
2289 1419 2536
2289 2536 1875
2290 2536 924
2290 924 1986
2291 2536 1776
2291 1776 1853
2938 2552 2292
2292 1012 1475
2981 2293 1683
2293 2536 1965
3368 2294 1184
2294 2536 2217
2295 2536 812
2295 812 1539
3105 2860 2296
2296 155 562
3125 2297 2536
2297 303 1361
2298 597 2536
2298 2536 779
2761 2299 755
2299 2536 1568
2300 1520 2536
2300 2536 2165
2834 2301 2536
2301 1184 1568
3134 2302 620
3143 2302 2536
2974 2303 2536
2303 1839 2195
2304 845 2536
2304 2536 1980
2726 2305 954
3292 3207 3158
2306 2536 1550
2306 1550 1946
2565 2307 2170
2843 2307 2536
2308 1451 0
2686 2464 2308
2940 2309 1697
2309 2536 2019
2785 2310 2536
2310 467 1219
3243 2311 1219
2311 2536 2310
3023 2312 1581
2312 2189 2190
3263 2313 2536
2313 848 1499
3092 2848 2704
2314 1574 1908
3282 2315 2536
3379 2315 539
3288 2316 2190
3229 2864 2316
2317 1296 2536
3356 3240 2317
2824 2318 2132
2623 2318 2536
2602 2319 2536
2319 1603 1769
2320 187 2536
2320 2536 602
2321 1314 2536
2321 2536 1662
2667 2631 2322
2699 2322 1203
3270 3173 2323
2762 2323 2536
3186 2324 1033
2324 2536 2085
2325 2536 186
2325 186 396
2326 1710 2536
2326 2536 1986
3212 2327 2536
2327 897 2004
3210 2715 2328
3191 3095 2693
2329 1418 2536
2329 2536 1697
2330 2536 1685
2330 1685 1851
2331 2237 2189
2331 2189 2281
3364 2332 2536
2332 151 1704
2333 2536 1693
2333 1693 1799
2334 2536 655
2334 655 976
2335 1665 2536
2335 2536 2137
2336 2536 1005
2336 1005 1864
2337 176 2536
2337 2536 1288
2338 2066 1743
2338 1743 2258
2339 1712 2536
3066 2339 2536
2340 0 1044
2400 2340 1044
2341 2536 1019
2341 1019 2095
2342 2536 125
2342 125 766
2343 2536 1919
2343 1919 2137
2344 1861 2536
2344 2536 2118
2345 766 2536
2345 2536 2342
2503 2346 2195
3068 2969 2346
2347 2536 777
2347 777 1188
2348 2536 1032
2348 1032 2022
2528 2349 1581
2576 2349 1451
3082 2350 2536
2350 1578 2126
2351 1781 2536
3028 2664 2351
2352 1239 2536
2352 2536 1598
2353 2536 1299
2353 1299 2107
2354 2281 2237
2722 2354 2237
2355 970 2536
3078 2915 2355
2356 1529 2536
3005 2356 2536
2357 1771 1801
3041 2357 1801
2358 2003 2536
2358 2536 2266
2359 2536 1179
2359 1179 1528
2823 2360 1771
2488 2360 2536
2361 2536 944
2361 944 1969
2362 2536 1402
2362 1402 1776
2363 1416 2536
2363 2536 1698
2616 2364 2536
2364 2193 2209
2365 2536 1850
2365 1850 1962
2366 1864 2536
2366 2536 2336
2367 2536 671
2367 671 1264
3269 2368 2536
2368 732 861
2369 1203 2536
2729 2369 2536
2370 582 2536
3346 2758 2370
2985 2789 2557
2371 1975 2248
2372 2536 309
2372 309 812
2373 1602 2536
2373 2536 2155
2798 2374 2536
2374 241 1609
3325 2375 1237
2757 2375 2536
2808 2376 2536
3033 2549 2376
2995 2793 2377
2377 1771 2357
2378 1526 2536
2514 2378 2536
2379 2536 934
2379 934 1279
2380 373 2536
2380 2536 1710
2381 1942 2536
2381 2536 2040
2382 303 2536
2382 2536 1190
2383 333 2536
2383 2536 606
2384 1850 2536
3083 2684 2384
2613 2385 2169
2754 2564 2385
3032 2386 1086
2386 2536 1921
2387 2536 171
2387 171 1544
2388 762 2536
2388 2536 1412
2389 1986 1710
2389 1710 2326
2898 2390 1451
2873 2732 2689
2391 2536 1512
2391 1512 1995
2392 2536 484
2392 484 1492
3302 3289 3209
2393 1532 2085
2394 1316 1093
2394 1093 2119
2395 1581 0
2395 0 2278
2396 423 2536
2495 2396 2536
2791 2669 2397
2963 2810 2649
2744 2398 0
2530 2398 2536
3152 2399 2536
2399 1891 2145
2400 1044 2278
2400 2278 2340
2401 2536 316
2401 316 318
2402 2536 1324
2402 1324 2008
3278 2403 150
3267 3131 2403
2404 702 2536
2404 2536 1348
2697 2405 1331
2996 2405 2536
2510 2406 2536
2671 2406 1640
2407 2536 1397
2407 1397 1622
2408 2536 499
2408 499 804
3249 2409 1774
2409 2536 1924
3260 3149 2410
2958 2533 2410
3056 2411 1995
3223 2411 2536
2412 2210 2536
2825 2412 2536
2413 2536 1929
2413 1929 2254
2802 2414 2536
2414 1391 2218
2415 697 2536
3008 2415 2536
3342 3136 2416
2416 636 864
2417 1598 1239
2417 1239 2352
2418 2536 1466
2418 1466 2078
2861 2419 2536
2419 1361 1556
3193 2420 2536
2420 1132 2129
2421 1741 136
2421 136 2242
3165 2945 2872
2422 1283 2161
2423 472 2536
2423 2536 1782
2424 1528 2536
2978 2424 2536
2425 1019 2536
2425 2536 1740
2426 2536 1401
2426 1401 2013
2427 1485 2536
2427 2536 2167
2428 2536 1600
2428 1600 1789
2429 2536 1572
2429 1572 1883
2430 1451 2536
3100 3053 2430
3043 2431 2536
2431 2174 2233
2432 1824 2536
3380 2979 2432
2683 2433 2536
2433 697 1212
2434 1908 2536
2924 2434 2536
2435 2536 1059
2435 1059 1461
3347 2436 363
2436 2536 462
2437 2085 2536
2437 2536 2393
3222 2438 1501
3392 3215 2438
3002 2439 1385
3139 2993 2895
2440 2536 1137
2440 1137 1445
2441 1610 2536
2441 2536 1910
2644 2636 2626
2442 1451 2308
2589 2443 2160
2443 1996 2222
3374 3184 3097
3035 2723 2444
2445 1581 2237
2445 2237 2281
2446 671 2536
2446 2536 1094
3305 3245 2447
2447 937 2114
2448 2123 2536
2989 2781 2448
2957 2449 2536
2449 1762 1897
2450 0 2190
3166 3138 2450
3335 2844 2451
2532 2451 1922
3093 2452 2536
2452 244 1272
3234 3038 2453
2712 2453 1996
2668 2454 2209
2454 2536 2364
2455 2008 2536
2455 2536 2402
2456 1799 2536
2456 2536 2333
2457 1938 2536
2457 2536 2136
3274 2458 2536
2458 372 889
2459 1250 2536
2459 2536 2087
2460 2536 1751
2460 1751 1907
3403 2461 2536
2461 763 2058
2462 1640 1781
2462 1781 1996
2463 2536 274
2463 274 1353
2464 0 2189
2554 2464 2189
2465 2191 0
2984 2465 0
3375 3372 2939
2911 2866 2466
3304 3228 2467
2467 2536 2203
2468 1348 702
3147 2468 702
2469 973 2536
2469 2536 2096
3366 3281 3211
3065 3014 2470
2471 2536 735
2471 735 2020
2472 2536 1527
2472 1527 2206
2473 2357 2142
2473 2142 2377
2474 2536 2227
2474 2227 2243
2913 2475 2536
2475 1436 2235
2476 539 2536
2476 2536 886
3349 2477 737
2477 2536 1301
2478 2278 1044
2835 2478 1044
2479 2254 2536
2479 2536 2413
2480 1348 2536
3237 2480 2536
2481 1304 2536
2481 2536 2250
2482 2536 616
2482 616 810
2483 2536 1770
2483 1770 1933
2484 2168 2536
2484 2536 2209
2485 1234 2536
2485 2536 1541
3333 2486 253
3381 2942 2486
2487 2536 1554
2487 1554 2080
2488 2536 2111
2488 2111 2360
2489 1389 2536
3096 2489 2536
2490 266 2536
2490 2536 422
3251 3150 2491
2491 253 323
3189 2492 2161
3253 2492 2536
2493 2536 1372
2493 1372 2038
2494 2536 893
2494 893 1022
2495 2536 1969
2495 1969 2396
2496 2204 1825
2496 1825 2213
2497 1763 1283
2497 1283 2234
2498 1769 2536
2498 2536 2319
2763 2753 2725
2499 1581 2349
2500 2536 2048
2500 2048 2188
2501 2536 692
2501 692 799
2502 920 2536
2502 2536 1948
2815 2503 2195
2503 2536 2346
2504 2536 2187
2504 2187 2261
2788 2505 1587
2731 2505 2536
2935 2506 484
3050 2506 2536
2507 2536 1222
2507 1222 1399
3371 2508 2536
2508 740 2217
2509 2422 2161
3196 2509 2161
3089 2510 2536
3219 2983 2510
3247 2511 2536
2511 1771 2142
2512 1662 2536
2512 2536 2145
2513 2111 2536
2513 2536 2173
2514 2536 2192
2514 2192 2378
2515 821 2536
2515 2536 1709
2516 2536 1769
2516 1769 1895
2517 1136 2536
2517 2536 1706
2518 2536 1185
2518 1185 1356
2797 2728 2519
2519 1581 2395
2926 2520 1656
2520 2536 2050
3307 2521 1132
2521 2536 2120
2522 1315 2536
2522 2536 1457
2523 1378 2536
3382 2523 2536
2886 2524 1391
3022 2524 2536
3057 3003 2784
2768 2525 2278
2526 1556 2536
2929 2526 2536
2527 1620 2536
2527 2536 2011
2528 1581 1451
2528 1451 2349
2529 554 2536
2529 2536 864
2530 2536 2168
2530 2168 2398
2531 1407 2536
2531 2536 2140
2532 1922 2120
2532 2120 2451
3074 2533 2536
2533 2161 2410
2534 2536 689
2534 689 1891
2535 561 2536
2535 2536 685
2537 2536 1206
3400 2537 1206
3090 3072 2538
2538 1284 1760
2539 1986 2536
3048 2539 2536
2540 815 2536
2540 2536 858
2541 2237 1451
2541 1451 2390
2542 1953 695
2542 695 2108
2543 2536 423
2543 423 1709
2544 1042 2536
2544 2536 1490
2545 1494 2536
2545 2536 1626
2546 2536 1319
2546 1319 1590
2547 1781 1385
2889 2547 1385
2548 2536 546
2548 546 1233
2549 1232 2173
2549 2173 2376
2550 2022 2536
2550 2536 2348
2551 2536 1513
2551 1513 2067
2552 2536 1012
2552 1012 2292
3015 2553 2536
2553 1086 1316
2812 2554 2189
2554 2308 2464
2555 2536 1093
2555 1093 1915
2556 2536 914
2556 914 1631
3255 2557 2536
2557 1975 2371
3272 2923 2558
2558 1591 1921
2559 2536 239
2559 239 1979
2560 856 2536
2560 2536 2188
2928 2561 2450
2561 2191 2465
2562 2536 1973
2562 1973 2239
2563 1593 2536
2563 2536 2254
2564 2536 2221
2564 2221 2385
2565 2170 2536
2565 2536 2307
2566 2536 1153
2566 1153 1833
2567 912 2536
2567 2536 2091
3246 2568 1515
2568 2536 2175
3341 2569 831
2569 2536 1458
2777 2570 2478
2570 2444 2525
2881 2571 1810
3062 2571 2536
2992 2818 2572
3194 2572 2536
2573 2536 620
2573 620 1739
3121 2574 846
2574 2536 1605
2575 1927 2536
2575 2536 2090
2576 1451 2237
2576 2237 2349
3016 2577 2536
2577 954 1922
2578 2536 818
2578 818 2203
2579 711 2536
2579 2536 1704
2580 2536 416
2580 416 1119
3055 2581 2536
2581 1270 1957
2582 1085 2536
2582 2536 2080
3261 2583 1760
3264 3217 2583
3162 2584 2536
2584 1316 2119
2585 2536 1008
2585 1008 1578
2586 1396 2536
2811 2586 2536
2587 2536 558
2587 558 979
2588 403 2536
3108 2588 2536
2589 2160 1996
2589 1996 2443
2590 2536 1506
2590 1506 1603
2591 2243 2536
2591 2536 2474
2592 2136 1938
2592 1938 2457
3085 2903 2593
2593 2003 2263
2594 1883 2536
2594 2536 2429
2595 125 2536
2595 2536 1378
2596 1399 2536
2596 2536 2507
2597 2536 1759
2597 1759 2144
2598 2536 820
2598 820 1002
2599 2218 2536
2599 2536 2414
2600 2111 1771
2600 1771 2360
2601 1962 2536
2601 2536 2365
2602 2536 1603
2602 1603 2319
2603 1502 2536
2603 2536 2233
2604 681 2536
2604 2536 2105
2605 2536 821
2605 821 2181
3401 2606 2536
2606 442 1017
3113 3103 2607
2877 2607 2536
2608 1034 2536
2608 2536 2020
2609 1544 2536
2609 2536 2387
2610 2536 664
2610 664 1197
2852 2611 2536
2611 1141 2135
2612 2536 1131
2612 1131 2096
2820 2613 2169
2613 2536 2385
2614 2266 2003
3383 2614 2003
2615 2142 2536
2615 2536 2511
2616 2536 2193
2616 2193 2364
3284 2836 2617
2617 311 370
2618 2536 582
2618 582 1204
2619 918 2536
2619 2536 1745
2620 1770 2536
2620 2536 2214
2621 1212 2536
2621 2536 2433
2622 1084 2536
3064 2622 2536
2623 2536 2210
2623 2210 2318
3011 2624 1517
2624 2536 2272
2625 967 2536
2625 2536 2141
2954 2626 2189
2626 1451 2442
2627 2536 1547
2627 1547 2102
2628 2281 2189
2839 2628 2189
2629 2349 2237
2629 2237 2499
2630 2536 861
2630 861 2271
2631 2536 1203
2631 1203 2322
3156 2632 2126
2879 2632 2536
3332 2633 2120
2633 2536 2451
2634 2173 2536
2634 2536 2376
2635 2536 792
2635 792 2117
2636 2442 2189
2875 2636 2189
2637 2239 2536
2637 2536 2562
2638 2536 1067
2638 1067 1968
3119 2990 2639
3112 2988 2639
2640 1093 2536
3300 3054 2640
2641 1008 2536
2884 2641 2536
2642 491 2536
2642 2536 2244
2643 2536 433
2643 433 2065
2644 2626 2442
2644 2442 2636
2645 1346 2536
2645 2536 1676
2646 2536 1631
2646 1631 2198
2647 2078 2536
2647 2536 2418
2648 2233 2536
2648 2536 2431
2649 2281 2354
2870 2649 2354
3224 2650 2536
2650 1253 1537
3202 3102 2947
2651 1581 2444
2652 2536 2084
2652 2084 2193
2941 2653 2536
2653 1058 2162
2654 1436 2536
2654 2536 1560
2655 2536 120
2655 120 1832
2656 1490 1042
2656 1042 2544
2657 2536 1446
2657 1446 1644
2658 1673 1518
2658 1518 1994
2659 1532 2536
2659 2536 1774
3075 3004 2660
2660 1928 2227
2661 2175 1515
2661 1515 2568
2662 2536 119
2662 119 1039
2663 1512 2536
2663 2536 2181
3084 2664 2536
3124 2664 2160
2665 1709 2536
2665 2536 2543
2666 1810 1178
2666 1178 2607
2667 2322 2536
2667 2536 2631
2986 2668 2209
2668 2536 2454
2669 2331 2281
2669 2281 2397
2670 2536 1903
2670 1903 2225
2671 1640 1996
3213 2671 1996
3206 2672 2536
2672 293 546
2673 470 2536
2673 2536 1878
3351 2674 2536
2674 702 1663
2675 1264 2536
2675 2536 2367
2676 1168 2536
2676 2536 1873
2677 2536 1563
2677 1563 1685
2678 2181 1512
2678 1512 2663
2679 1018 2536
3340 2679 2536
2680 2536 432
2680 432 2155
3180 2681 1283
2681 2536 2234
3109 2682 2466
2890 2682 2281
2683 2536 697
2683 697 2433
2684 2536 2057
2684 2057 2384
2685 2536 760
2685 760 2033
2686 2308 0
2686 0 2464
2687 2536 1482
2687 1482 1811
2688 2160 1781
2688 1781 2351
2689 2189 2237
2689 2237 2390
2955 2690 897
2690 2536 1570
2691 1246 2536
2691 2536 2023
2692 186 2536
2692 2536 1081
2693 2536 1817
2693 1817 2328
2694 2536 1174
3396 2694 1174
2695 782 2536
2695 2536 1957
2696 2536 2062
2696 2062 2171
2697 1331 2536
2697 2536 2405
2698 2536 587
2698 587 924
2699 1203 1871
2699 1871 2322
2700 2126 1810
2700 1810 2571
2701 2095 2536
2701 2536 2341
3318 2702 2536
2702 2066 2258
2703 527 2536
2703 2536 844
2704 2536 1574
3058 2704 1574
2705 778 2536
2705 2536 2038
2706 1493 2536
2706 2536 2107
2707 202 2536
2707 2536 320
3365 3354 3338
3122 2885 2708
2709 2536 1700
2709 1700 1988
2710 1897 2536
2710 2536 2449
2711 1218 2536
2711 2536 2232
2712 1996 2160
2967 2712 2160
2713 1634 2536
2713 2536 2159
3077 2714 2536
2714 667 1785
3273 2715 890
2715 2536 2328
2716 2525 2478
2716 2478 2570
3000 2717 2536
2717 1373 1554
2718 1542 2003
2718 2003 2266
2719 2536 373
2719 373 2212
2720 2536 1136
2720 1136 1707
2721 2465 2450
2721 2450 2561
2722 2237 2331
2722 2331 2354
2909 2723 1581
2723 2278 2444
3188 2724 1206
3393 2724 2536
3262 3130 3025
2937 2725 1581
3322 3283 2726
3010 2726 2536
2727 2239 1501
2727 1501 2438
3106 2728 2278
2728 1581 2519
2729 2536 2029
2729 2029 2369
2730 2227 2536
2730 2536 2660
2731 2536 2225
2731 2225 2505
3024 2732 2390
2732 2189 2689
2733 2536 2110
2733 2110 2141
2734 1429 2536
2734 2536 1629
2735 2536 318
2735 318 2100
2736 496 2536
2736 2536 2283
2737 2536 1797
2737 1797 1892
2738 1968 2536
2738 2536 2638
2739 2571 2126
2739 2126 2700
3233 3146 2971
2740 1811 2305
2741 2119 2536
2741 2536 2584
3315 2742 1844
2742 2536 2036
2743 2651 2444
3129 2743 2444
2744 0 2536
2744 2536 2398
3242 2745 1303
2745 2536 1827
2746 2536 1461
2746 1461 2149
2747 2536 1224
2747 1224 2274
3178 2748 2536
2748 1517 2091
2749 2145 1662
2749 1662 2512
2750 819 2536
2750 2536 2004
3117 2751 370
3153 3114 2751
2752 1801 2536
2752 2536 2142
2753 2499 2237
2753 2237 2725
3018 2754 2385
2754 2536 2564
2755 1064 2536
2755 2536 2248
2756 2536 811
2756 811 1120
2757 2536 1868
2757 1868 2375
2900 2758 2536
2758 2059 2370
2759 2536 322
2759 322 1745
2760 1002 2536
3179 2760 2536
2761 755 2536
2761 2536 2299
2762 2536 2070
3334 3192 2762
2763 2725 2499
2763 2499 2753
2764 2536 348
2764 348 1605
2765 1426 2536
2765 2536 1974
2766 2536 219
2766 219 1741
2767 239 2536
3195 2767 2536
2768 2278 2478
2768 2478 2525
2769 2281 1581
2769 1581 2445
2770 2536 1114
2770 1114 1466
2771 2536 994
2771 994 1557
2772 2444 2278
2772 2278 2525
2773 2225 2536
3161 2773 2536
2774 2536 1638
2774 1638 1655
3312 2775 2536
2775 1579 1965
3306 3238 2776
2991 2776 2651
2777 2478 2444
2777 2444 2570
2778 2213 2204
2778 2204 2496
3120 2779 2536
2779 1744 2136
2780 1535 2536
2780 2536 2034
2781 2536 2169
2781 2169 2448
2782 2536 799
2782 799 2115
2783 2536 1315
2783 1315 1383
2784 2525 2444
2784 2444 2772
2785 2536 467
2785 467 2310
2786 2274 2536
2786 2536 2747
3230 3205 2787
2787 2466 2682
2788 1587 2536
2788 2536 2505
3257 2789 2371
2789 2536 2557
2790 1341 2536
2790 2536 1534
2791 2397 2331
2791 2331 2669
2792 241 2536
2792 2536 1966
2793 2142 1771
2793 1771 2377
2794 2065 2536
2794 2536 2643
2795 1224 2536
2795 2536 1959
2796 2492 2422
2796 2422 2509
2797 2519 2278
2797 2278 2728
2798 2536 241
2798 241 2374
2799 1743 2536
2799 2536 2258
2800 1621 2536
2800 2536 1892
2801 430 2536
2801 2536 557
2802 2536 1391
2802 1391 2414
2803 2536 1264
2803 1264 1458
2804 2536 2102
2804 2102 2279
2805 1279 2536
2805 2536 2379
3345 3316 2972
2806 1581 2466
2807 208 2536
2807 2536 1946
2808 2536 1232
2808 1232 2376
2809 2682 2628
3144 2809 2628
2810 2397 2281
2810 2281 2649
2811 2536 2252
2811 2252 2586
2812 2189 2308
2812 2308 2554
2813 1169 2536
2813 2536 1954
3369 2814 2263
2814 2536 2593
2815 2195 2536
2815 2536 2503
2816 2536 819
2816 819 2219
2817 249 2536
2817 2536 1410
3290 3259 3031
3248 3029 2818
2819 2536 1502
2819 1502 2134
2820 2169 2536
2820 2536 2613
2821 1565 2536
2821 2536 1794
3310 2822 1979
3357 3141 2822
3115 2823 1771
2823 2536 2360
2824 2132 2536
2824 2536 2318
2825 2536 2285
2825 2285 2412
3235 2826 2117
2826 2536 2635
2827 2336 1864
2827 1864 2366
2828 2536 1437
2828 1437 2256
2829 2536 470
2829 470 1567
2830 1630 2536
2830 2536 1747
2831 758 2536
3271 2831 2536
2832 2536 1134
2832 1134 1848
2833 2536 1245
2833 1245 2246
2834 2536 1184
2834 1184 2301
2835 1044 2444
2835 2444 2478
3254 2836 2536
2836 311 2617
2837 2439 1781
2837 1781 2547
2838 2536 1168
2838 1168 1940
2839 2189 2466
2839 2466 2628
2840 1222 2536
2840 2536 1356
2841 1537 2536
2841 2536 2650
2842 1178 1517
2842 1517 2272
2843 2536 2218
2843 2218 2307
2844 2536 1922
2844 1922 2451
2845 1162 2536
2845 2536 1995
2846 1965 2536
2846 2536 2775
2847 2203 2536
2847 2536 2578
2848 2314 2536
2848 2536 2704
2849 155 2536
2849 2536 918
2850 2607 1810
2850 1810 2666
2851 2536 230
2851 230 1469
2852 2536 1141
2852 1141 2611
2853 924 2536
2853 2536 2698
3387 2854 2536
2854 1501 1975
2855 2536 1799
2855 1799 2028
2856 2536 622
2856 622 1679
3350 2857 1811
3297 2857 2536
2858 2266 1542
2858 1542 2718
2859 2536 1639
2859 1639 1802
2860 2536 155
2860 155 2296
2861 2536 1361
2861 1361 2419
2862 1316 2536
3133 2862 2536
3226 3087 2863
3280 3182 3177
2864 2189 2191
2864 2191 2316
2865 2536 403
2865 403 2283
2866 1581 2281
2866 2281 2466
3169 2867 2536
2867 970 1101
2868 651 2536
3377 2868 2536
3256 2869 2536
3395 2869 1340
2870 2354 2397
2870 2397 2649
2871 2371 2248
2871 2248 2572
2872 2536 1283
2872 1283 2422
2873 2689 2390
2873 2390 2732
2874 2536 333
2874 333 1067
2875 2189 2626
2875 2626 2636
2876 1995 1162
2876 1162 2845
2877 2536 1810
2877 1810 2607
2878 2536 1672
2878 1672 1829
2879 2536 2350
2879 2350 2632
2880 1538 886
2880 886 2205
2881 1810 2536
2881 2536 2571
2882 2536 880
2882 880 909
2883 1207 2536
2883 2536 2139
2884 2536 1587
2884 1587 2641
3298 2885 1044
3198 3034 2885
2886 1391 2536
2886 2536 2524
2887 959 2536
2887 2536 1894
2888 2536 766
2888 766 1030
2889 1385 2439
2889 2439 2547
2890 2281 2628
2890 2628 2682
2891 655 2536
2891 2536 1169
2892 2536 1018
2892 1018 1130
2893 1005 2536
2893 2536 2265
2894 2536 1911
2894 1911 2259
2895 2536 1781
2895 1781 2439
2896 2536 1763
2896 1763 2234
2897 2234 2536
2897 2536 2896
2898 1451 2189
2898 2189 2390
2899 2187 2536
2899 2536 2243
2900 2536 2059
2900 2059 2758
3394 3287 3185
3326 2901 1581
2902 2536 1804
2902 1804 2180
2903 2536 2003
2903 2003 2593
2904 2075 2536
2904 2536 2256
2905 1155 2536
2905 2536 1622
2906 1568 2536
3314 2906 2536
2907 2536 1683
2907 1683 1869
2908 1227 1434
2908 1434 2099
3294 2909 1581
2909 2278 2723
2910 2512 2145
2910 2145 2749
2911 2466 1581
2911 1581 2866
2912 882 2536
2912 2536 1367
2913 2536 1436
2913 1436 2475
2914 2536 136
3344 2914 136
2915 2536 1149
2915 1149 2355
2916 1640 2536
2916 2536 1915
2917 2237 1581
3295 3181 3163
2918 1878 470
2918 470 2673
2919 2234 1763
2919 1763 2497
2920 649 2536
2920 2536 781
2921 850 2536
3309 2921 2536
2922 1822 1457
2922 1457 2121
2923 2536 1591
2923 1591 2558
2924 2536 2314
2924 2314 2434
2925 345 2536
2925 2536 1737
2926 1656 2536
2926 2536 2520
2927 154 2536
2927 2536 454
2928 2450 2191
2928 2191 2561
2929 2536 2419
2929 2419 2526
2930 765 2536
2930 2536 885
2931 771 2536
2931 2536 1979
3218 2932 2536
2932 444 1876
2933 535 2536
2933 2536 1536
2934 1045 2536
2934 2536 2284
2935 484 2536
2935 2536 2506
2936 2536 1399
2936 1399 1574
2937 1581 2499
2937 2499 2725
2938 2292 2536
2938 2536 2552
2939 2466 2189
3367 2939 2189
2940 1697 2536
2940 2536 2309
2941 2536 1058
2941 1058 2653
2942 2536 922
2942 922 2486
2943 2149 2536
2943 2536 2746
2944 2536 465
2944 465 1954
2945 2422 2536
2945 2536 2872
2946 1970 2536
2946 2536 2073
2947 1044 1581
2947 1581 2651
2948 997 2536
2948 2536 1515
2949 2536 440
2949 440 1977
2950 2445 2281
2950 2281 2769
2951 1714 2536
2951 2536 2094
2952 396 2536
2952 2536 2325
3323 2953 2162
2953 2536 2653
2954 2189 1451
2954 1451 2626
2955 897 2536
2955 2536 2690
2956 2536 2078
2956 2078 2153
2957 2536 1762
2957 1762 2449
2958 2410 2536
2958 2536 2533
2959 1763 2536
2959 2536 2228
2960 2290 1986
2960 1986 2539
2961 2256 2536
2961 2536 2828
2962 2536 1271
2962 1271 1913
2963 2649 2397
2963 2397 2810
2964 1739 2536
2964 2536 2573
2965 1056 2536
2965 2536 1760
2966 2536 2195
2966 2195 2221
2967 2160 2453
2967 2453 2712
2968 820 2536
2968 2536 1296
2969 2536 2303
2969 2303 2346
2970 1921 2536
2970 2536 2558
2971 2536 1811
2971 1811 2740
3258 2972 2806
3190 2972 2189
2973 2536 251
2973 251 434
2974 2536 1839
2974 1839 2303
2975 2102 2536
2975 2536 2627
2976 2536 850
2976 850 1591
2977 2536 1064
2977 1064 1579
2978 2536 2359
2978 2359 2424
2979 2536 2129
2979 2129 2432
2980 1825 2536
2980 2536 2213
2981 1683 2536
2981 2536 2293
2982 740 2536
2982 2536 2017
2983 1640 2406
2983 2406 2510
2984 0 2450
2984 2450 2465
2985 2557 2371
2985 2371 2789
2986 2209 2536
2986 2536 2668
2987 1431 2536
2987 2536 2150
2988 2536 2453
2988 2453 2639
2989 2448 2536
2989 2536 2781
2990 2160 2536
2990 2536 2639
2991 2651 2743
2991 2743 2776
2992 2572 2248
2992 2248 2818
2993 2439 2536
2993 2536 2895
2994 878 994
2994 994 2230
2995 2377 2142
2995 2142 2793
2996 2536 2261
2996 2261 2405
2997 2536 618
2997 618 1878
2998 1337 2536
2998 2536 1468
2999 2536 1096
2999 1096 2051
3000 2536 1373
3000 1373 2717
3001 2203 1744
3001 1744 2467
3002 1385 2536
3002 2536 2439
3003 2772 2525
3003 2525 2784
3004 2536 1928
3004 1928 2660
3005 2536 2178
3005 2178 2356
3006 1277 2536
3006 2536 1908
3007 1475 2536
3007 2536 2292
3008 2536 1026
3008 1026 2415
3009 2351 2160
3009 2160 2688
3010 2536 2305
3010 2305 2726
3011 1517 2536
3011 2536 2624
3299 3012 2536
3012 370 1082
3013 2221 2536
3013 2536 2966
3014 1581 2312
3014 2312 2470
3015 2536 1086
3015 1086 2553
3016 2536 954
3016 954 2577
3017 2536 1849
3017 1849 2244
3018 2385 2536
3018 2536 2754
3019 358 2536
3019 2536 1127
3286 3020 2776
3020 2743 2863
3021 2120 1132
3021 1132 2521
3022 2536 2282
3022 2282 2524
3023 1581 2189
3023 2189 2312
3024 2390 2189
3024 2189 2732
3025 2725 2237
3025 2237 2917
3026 1076 2536
3319 3026 2536
3027 2312 2190
3027 2190 2470
3028 2351 2536
3028 2536 2664
3204 3029 2536
3029 2572 2818
3030 2559 1979
3030 1979 2822
3031 2248 2536
3239 3031 2536
3032 1086 2536
3032 2536 2386
3033 2376 1232
3033 1232 2549
3321 3034 2651
3361 3034 2708
3035 2444 1581
3035 1581 2723
3036 2272 1178
3036 1178 2842
3037 2536 1533
3037 1533 1540
3038 2536 1996
3038 1996 2453
3039 2121 1822
3039 1822 2922
3040 2536 1189
3040 1189 2231
3041 1801 2142
3041 2142 2357
3042 2536 1331
3042 1331 2226
3043 2536 2174
3043 2174 2431
3044 2536 1147
3044 1147 1945
3045 2377 2357
3045 2357 2473
3046 2444 1044
3389 3046 1044
3047 1915 1640
3047 1640 2916
3048 2536 2290
3048 2290 2539
3049 2536 1656
3049 1656 2061
3050 2536 1195
3050 1195 2506
3051 587 2536
3051 2536 1218
3052 2536 1690
3052 1690 2017
3053 2536 2123
3053 2123 2430
3054 2536 2119
3054 2119 2640
3055 2536 1270
3055 1270 2581
3056 1995 2536
3056 2536 2411
3057 2784 2772
3057 2772 3003
3058 1574 2314
3058 2314 2704
3059 2536 753
3059 753 1495
3060 1973 2536
3060 2536 2869
3061 2536 906
3061 906 1686
3062 2536 2126
3062 2126 2571
3063 2536 200
3063 200 467
3064 2536 2116
3064 2116 2622
3065 2470 1581
3065 1581 3014
3066 2536 2249
3066 2249 2339
3067 2536 1120
3067 1120 2285
3068 2346 2536
3068 2536 2969
3069 1645 2536
3069 2536 1814
3070 1506 2536
3070 2536 2031
3071 1469 2536
3071 2536 2851
3072 2536 1284
3072 1284 2538
3073 2536 1715
3073 1715 1796
3074 2536 2161
3074 2161 2533
3075 2660 2536
3075 2536 3004
3076 2536 1548
3076 1548 1880
3077 2536 667
3077 667 2714
3078 2355 2536
3078 2536 2915
3079 2749 2512
3079 2512 2910
3080 1232 2536
3080 2536 2075
3081 348 2536
3081 2536 976
3082 2536 1578
3082 1578 2350
3083 2384 2536
3083 2536 2684
3084 2536 2160
3084 2160 2664
3406 3085 2593
3085 2536 2903
3086 1871 2536
3086 2536 2322
3370 3087 2743
3398 3087 2708
3088 1618 2536
3088 2536 1801
3089 2536 1640
3089 1640 2510
3090 2538 2536
3090 2536 3072
3091 2536 354
3091 354 1287
3092 2704 2314
3092 2314 2848
3093 2536 244
3093 244 2452
3094 1946 208
3094 208 2807
3095 2328 2536
3095 2536 2693
3096 2536 1738
3096 1738 2489
3097 2863 2776
3097 2776 3020
3098 2219 2536
3098 2536 2816
3099 2896 2234
3099 2234 2897
3100 2430 2536
3100 2536 3053
3101 1527 2536
3101 2536 2028
3102 2651 1044
3102 1044 2947
3103 1178 2536
3103 2536 2607
3104 2547 2439
3104 2439 2837
3105 2296 2536
3105 2536 2860
3106 2278 1581
3106 1581 2728
3107 322 2536
3107 2536 1893
3108 2536 1832
3108 1832 2588
3109 2466 2281
3109 2281 2682
3110 2536 890
3110 890 1301
3111 2404 1348
3111 1348 2468
3112 2639 2536
3112 2536 2988
3113 2607 1178
3113 1178 3103
3114 2536 2617
3114 2617 2751
3115 1771 2536
3115 2536 2823
3116 1141 2536
3116 2536 1869
3117 370 2536
3117 2536 2751
3118 1741 2536
3118 2536 2766
3119 2639 2160
3119 2160 2990
3120 2536 1744
3120 1744 2779
3121 846 2536
3121 2536 2574
3362 3293 3122
3122 1044 2885
3123 2536 846
3123 846 1692
3124 2160 2351
3124 2351 2664
3125 2536 303
3125 303 2297
3126 1954 2536
3126 2536 2944
3127 248 2536
3127 2536 1287
3128 1876 2536
3128 2536 2932
3129 2444 2708
3397 3355 3129
3130 2917 2725
3130 2725 3025
3131 2536 1143
3131 1143 2403
3132 372 2536
3132 2536 561
3133 2536 2553
3133 2553 2862
3134 620 2536
3134 2536 2302
3135 694 2536
3135 2536 1337
3136 2536 636
3136 636 2416
3137 200 2536
3137 2536 1968
3138 2190 2191
3138 2191 2450
3139 2895 2439
3139 2439 2993
3140 2536 496
3140 496 1661
3141 2536 2559
3141 2559 2822
3142 1663 2536
3142 2536 2674
3404 3386 3143
3143 1076 2302
3144 2628 2787
3144 2787 2809
3145 2536 345
3145 345 2087
3146 2740 2536
3146 2536 2971
3147 702 2404
3147 2404 2468
3148 1458 2536
3148 2536 2803
3149 1903 2536
3149 2536 2410
3378 3150 2536
3150 253 2491
3151 1578 2536
3151 2536 2585
3152 2536 1891
3152 1891 2399
3153 2751 2536
3153 2536 3114
3154 219 2536
3154 2536 2041
3155 2910 2749
3155 2749 3079
3156 2126 2536
3156 2536 2632
3157 118 2536
3157 2536 172
3158 2305 2536
3158 2536 2740
3159 2944 1954
3159 1954 3126
3160 1915 2536
3160 2536 2555
3161 2536 2670
3161 2670 2773
3162 2536 1316
3162 1316 2584
3163 1581 2725
3163 2725 2917
3164 2038 2536
3164 2536 2493
3165 2872 2422
3165 2422 2945
3166 2450 2190
3166 2190 3138
3167 2700 2571
3167 2571 2739
3168 2536 1642
3168 1642 1967
3169 2536 970
3169 970 2867
3170 2536 1641
3170 1641 1911
3171 1996 2536
3171 2536 2406
3172 311 2536
3172 2536 1204
3173 244 2536
3173 2536 2323
3174 1567 2536
3174 2536 2829
3175 1922 2536
3175 2536 2577
3176 581 2536
3176 2536 997
3177 2708 2776
3177 2776 2863
3178 2536 1517
3178 1517 2748
3179 2536 2598
3179 2598 2760
3180 1283 2536
3180 2536 2681
3181 2917 1581
3181 1581 3163
3182 2863 2708
3182 2708 3177
3183 1618 1018
3183 1018 2679
3184 3020 2863
3184 2863 3097
3185 2189 1581
3390 3185 1581
3186 1033 2536
3186 2536 2324
3187 2845 1995
3187 1995 2876
3188 1206 2536
3188 2536 2724
3189 2161 2536
3189 2536 2492
3190 2189 2901
3190 2901 2972
3191 2693 2328
3191 2328 3095
3192 2070 2323
3192 2323 2762
3193 2536 1132
3193 1132 2420
3194 2536 2371
3194 2371 2572
3195 2536 1785
3195 1785 2767
3196 2161 2492
3196 2492 2509
3197 2536 778
3197 778 1966
3198 2885 2651
3198 2651 3034
3199 2536 179
3199 179 867
3200 1492 2536
3200 2536 2392
3201 2058 2536
3201 2536 2461
3202 2947 2651
3202 2651 3102
3203 1661 2536
3203 2536 3140
3204 2536 2572
3204 2572 3029
3205 2628 2466
3205 2466 2787
3206 2536 293
3206 293 2672
3207 2740 2305
3207 2305 3158
3208 2663 2181
3208 2181 2678
3209 2536 1532
3209 1532 2393
3210 2328 890
3210 890 2715
3211 2190 1581
3211 1581 2470
3212 2536 897
3212 897 2327
3213 1996 2406
3213 2406 2671
3214 2536 1237
3214 1237 2267
3215 2536 2239
3215 2239 2438
3216 2453 2160
3216 2160 2639
3217 2536 2538
3217 2538 2583
3218 2536 444
3218 444 2932
3219 2510 1640
3219 1640 2983
3220 2578 2203
3220 2203 2847
3221 1832 2536
3221 2536 2655
3222 1501 2536
3222 2536 2438
3223 2536 2391
3223 2391 2411
3224 2536 1253
3224 1253 2650
3225 818 2536
3225 2536 1130
3301 3226 2863
3291 3226 2743
3227 721 2536
3227 2536 2224
3228 1744 2536
3228 2536 2467
3229 2316 2189
3229 2189 2864
3230 2787 2628
3230 2628 3205
3231 2536 1686
3231 1686 1872
3232 732 2536
3232 2536 1353
3233 2971 2740
3233 2740 3146
3234 2453 2536
3234 2536 3038
3235 2117 2536
3235 2536 2826
3236 1631 2536
3236 2536 2556
3237 2536 2267
3237 2267 2480
3238 2708 2651
3238 2651 2776
3239 2536 2818
3239 2818 3031
3240 2536 1691
3240 1691 2317
3241 2271 2536
3241 2536 2630
3242 1303 2536
3242 2536 2745
3243 1219 2536
3243 2536 2311
3244 2004 2536
3244 2536 2327
3245 2536 937
3245 937 2447
3246 1515 2536
3246 2536 2568
3247 2536 1771
3247 1771 2511
3248 2818 2536
3248 2536 3029
3249 1774 2536
3249 2536 2409
3250 2630 2271
3250 2271 3241
3251 2491 2536
3251 2536 3150
3252 2536 737
3252 737 2175
3253 2536 2422
3253 2422 2492
3254 2536 311
3254 311 2836
3255 2536 1975
3255 1975 2557
3256 2536 1340
3256 1340 2869
3257 2371 2536
3257 2536 2789
3258 2806 2189
3258 2189 2972
3259 2818 2248
3259 2248 3031
3260 2410 1903
3260 1903 3149
3261 1760 2536
3261 2536 2583
3262 3025 2917
3262 2917 3130
3263 2536 848
3263 848 2313
3264 2583 2536
3264 2536 3217
3265 1149 2536
3265 2536 2162
3266 1030 2536
3266 2536 2888
3267 2403 2536
3267 2536 3131
3268 2536 705
3268 705 1737
3269 2536 732
3269 732 2368
3270 2323 244
3270 244 3173
3271 2536 2184
3271 2184 2831
3272 2558 2536
3272 2536 2923
3273 890 2536
3273 2536 2715
3274 2536 372
3274 372 2458
3275 453 2536
3275 2536 648
3276 2536 453
3276 453 1761
3277 1343 2536
3277 2536 1844
3278 150 2536
3278 2536 2403
3279 2051 2536
3279 2536 2999
3280 3177 2863
3280 2863 3182
3281 2470 2190
3281 2190 3211
3282 2536 539
3282 539 2315
3283 954 2536
3283 2536 2726
3284 2617 2536
3284 2536 2836
3285 2536 323
3285 323 1208
3286 2776 2743
3286 2743 3020
3287 2901 2189
3287 2189 3185
3288 2190 2189
3288 2189 2316
3289 2393 2536
3289 2536 3209
3290 3031 2818
3290 2818 3259
3291 2743 3087
3291 3087 3226
3292 3158 2740
3292 2740 3207
3293 2708 1044
3293 1044 3122
3294 1581 2278
3294 2278 2909
3295 3163 2917
3295 2917 3181
3296 161 2536
3296 2536 2158
3297 2536 2687
3297 2687 2857
3298 1044 2651
3298 2651 2885
3299 2536 370
3299 370 3012
3300 2640 2536
3300 2536 3054
3301 2863 2743
3301 2743 3226
3302 3209 2393
3302 2393 3289
3303 2536 654
3303 654 1691
3304 2467 1744
3304 1744 3228
3305 2447 2536
3305 2536 3245
3306 2776 2708
3306 2708 3238
3307 1132 2536
3307 2536 2521
3308 966 2536
3308 2536 1820
3309 2536 1864
3309 1864 2921
3310 1979 2536
3310 2536 2822
3311 1966 2536
3311 2536 3197
3312 2536 1579
3312 1579 2775
3313 2536 743
3313 743 1410
3314 2536 2301
3314 2301 2906
3315 1844 2536
3315 2536 2742
3316 2901 2806
3316 2806 2972
3317 2536 1303
3317 1303 2220
3318 2536 2066
3318 2066 2702
3319 2536 1838
3319 1838 3026
3320 2888 1030
3320 1030 3266
3321 2651 2708
3321 2708 3034
3322 2726 954
3322 954 3283
3323 2162 2536
3323 2536 2953
3324 2536 690
3324 690 965
3325 1237 2536
3325 2536 2375
3326 1581 2806
3326 2806 2901
3327 2562 2239
3327 2239 2637
3328 1975 2536
3328 2536 2854
3329 230 2536
3329 2536 1054
3330 2136 2536
3330 2536 2779
3331 2536 771
3331 771 2059
3332 2120 2536
3332 2536 2633
3333 253 2536
3333 2536 2486
3334 2762 2070
3334 2070 3192
3335 2451 2536
3335 2536 2844
3336 2536 806
3336 806 1094
3337 905 2536
3337 2536 1272
3338 2708 2444
3338 2444 3046
3339 1737 2536
3339 2536 3268
3340 2536 1618
3340 1618 2679
3341 831 2536
3341 2536 2569
3342 2416 2536
3342 2536 3136
3343 2087 2536
3343 2536 3145
3344 136 1804
3344 1804 2914
3345 2972 2901
3345 2901 3316
3346 2370 2536
3346 2536 2758
3347 363 2536
3347 2536 2436
3348 1542 2536
3348 2536 1938
3349 737 2536
3349 2536 2477
3350 1811 2536
3350 2536 2857
3351 2536 702
3351 702 2674
3352 2536 711
3352 711 906
3353 2217 2536
3353 2536 2508
3354 3046 2708
3354 2708 3338
3355 2708 2743
3355 2743 3129
3356 2317 2536
3356 2536 3240
3357 2822 2536
3357 2536 3141
3358 2536 1212
3358 1212 2192
3359 1051 2536
3359 2536 2058
3360 378 2536
3360 2536 1743
3361 2708 2885
3361 2885 3034
3362 3122 2708
3362 2708 3293
3363 640 2536
3363 2536 1499
3364 2536 151
3364 151 2332
3365 3338 3046
3365 3046 3354
3366 3211 2470
3366 2470 3281
3367 2189 2806
3367 2806 2939
3368 1184 2536
3368 2536 2294
3369 2263 2536
3369 2536 2814
3370 2743 2708
3370 2708 3087
3371 2536 740
3371 740 2508
3372 2806 2466
3372 2466 2939
3373 2637 2562
3373 2562 3327
3374 3097 3020
3374 3020 3184
3375 2939 2806
3375 2806 3372
3376 2342 766
3376 766 2345
3377 2536 831
3377 831 2868
3378 2536 253
3378 253 3150
3379 539 1909
3379 1909 2315
3380 2432 2536
3380 2536 2979
3381 2486 2536
3381 2536 2942
3382 2536 1941
3382 1941 2523
3383 2003 2358
3383 2358 2614
3384 2536 1909
3384 1909 1941
3385 2536 161
3385 161 1550
3386 2536 1076
3386 1076 3143
3387 2536 1501
3387 1501 2854
3388 2718 2266
3388 2266 2858
3389 1044 2708
3389 2708 3046
3390 1581 2901
3390 2901 3185
3391 2536 627
3391 627 1742
3392 2438 2536
3392 2536 3215
3393 2536 1883
3393 1883 2724
3394 3185 2901
3394 2901 3287
3395 1340 1973
3395 1973 2869
3396 1174 2250
3396 2250 2694
3397 3129 2708
3397 2708 3355
3398 2708 2863
3398 2863 3087
3399 2536 378
3399 378 642
3400 1206 1340
3400 1340 2537
3401 2536 442
3401 442 2606
3402 2536 905
3402 905 2062
3403 2536 763
3403 763 2461
3404 3143 2536
3404 2536 3386
3405 2062 2536
3405 2536 3402
3406 2593 2536
3406 2536 3085
