-0.990135 0.625589 0.000000
0.672901 -0.738640 1.000000
1.100617 -0.545855 1.000000
-1.502621 -0.197285 0.000000
-0.262219 -0.412841 1.000000
0.086406 0.564671 0.000000
-1.273374 0.388275 0.000000
-0.084406 -0.575284 1.000000
-1.113818 0.547671 0.000000
-0.486343 0.039148 1.000000
0.350039 0.281319 0.000000
-1.012961 0.612636 0.000000
-0.716994 0.723960 0.000000
1.192581 -0.473342 1.000000
0.479913 -0.077891 0.000000
0.109106 0.563826 0.000000
0.390325 -0.758846 1.000000
-1.090585 0.547272 0.000000
-0.493204 0.152785 1.000000
-1.492191 -0.242495 0.000000
-1.441163 0.091897 0.000000
0.008021 -0.622218 1.000000
-0.888202 0.671618 0.000000
1.141071 -0.513186 1.000000
-1.447547 0.122331 0.000000
0.717646 -0.725933 1.000000
-0.169277 0.694480 0.000000
0.476977 -0.042572 0.000000
0.308939 -0.722917 1.000000
-0.545088 0.745869 0.000000
-1.391187 0.191390 0.000000
0.535813 -0.727271 1.000000
1.017905 -0.594550 1.000000
-0.429150 -0.118584 1.000000
0.021874 0.611956 0.000000
-0.147019 0.694637 0.000000
-0.342794 0.752351 0.000000
-1.422325 0.144778 0.000000
-1.426635 0.050476 0.000000
1.499534 0.261927 1.000000
-0.506023 0.756356 0.000000
0.844682 -0.683317 1.000000
0.483346 -0.138281 0.000000
0.499587 -0.240458 0.000000
0.468100 -0.753271 1.000000
0.145659 0.490014 0.000000
1.430954 -0.135544 1.000000
-0.146584 -0.501883 1.000000
-1.308112 0.346256 0.000000
-0.370293 -0.246218 1.000000
-0.236657 -0.428063 1.000000
-1.145863 0.512703 0.000000
0.406979 -0.753805 1.000000
-1.400245 0.169427 0.000000
0.186315 -0.705554 1.000000
0.787240 -0.684529 1.000000
0.175396 0.491763 0.000000
0.495930 -0.104118 0.000000
0.425564 0.137749 0.000000
0.232396 0.408766 0.000000
-0.124885 0.675126 0.000000
0.073423 -0.640079 1.000000
0.509585 -0.190871 0.000000
1.252109 -0.413728 1.000000
-1.495551 -0.126286 0.000000
1.401130 -0.175653 1.000000
-1.151430 0.506977 0.000000
0.490138 -0.184968 0.000000
-1.243555 0.395808 0.000000
0.659375 -0.740947 1.000000
0.476363 -0.143939 0.000000
-0.087850 -0.555030 1.000000
-0.015079 0.629475 0.000000
0.460780 0.064475 0.000000
-0.617389 0.745166 0.000000
0.474662 -0.034169 0.000000
1.341018 -0.298946 1.000000
0.574679 -0.756851 1.000000
1.334701 -0.316499 1.000000
0.950449 -0.638005 1.000000
1.052186 -0.603676 1.000000
0.030379 0.606383 0.000000
0.130053 0.517649 0.000000
-0.624097 0.735072 0.000000
0.509173 -0.765978 1.000000
-0.405980 -0.206154 1.000000
-0.830408 0.689775 0.000000
1.423504 -0.150700 1.000000
1.495366 0.171287 1.000000
0.889756 -0.677116 1.000000
1.464824 -0.033505 1.000000
-0.154353 -0.483357 1.000000
0.128919 0.512722 0.000000
0.500596 -0.119920 0.000000
-1.506715 -0.104283 0.000000
-1.160874 0.493587 0.000000
-1.032512 0.589505 0.000000
1.476352 0.116956 1.000000
-0.033752 -0.598801 1.000000
1.369414 -0.267450 1.000000
-0.199709 -0.457914 1.000000
0.060953 0.606281 0.000000
0.706247 -0.724212 1.000000
-1.327210 0.342132 0.000000
0.242044 -0.714768 1.000000
1.107013 -0.579311 1.000000
-0.216876 0.710910 0.000000
1.200536 -0.473503 1.000000
-1.238122 0.417357 0.000000
0.420201 -0.743772 1.000000
-0.435665 0.749084 0.000000
-0.326096 0.737633 0.000000
0.441715 -0.759510 1.000000
0.445581 0.077986 0.000000
1.369025 -0.261943 1.000000
-0.462801 -0.009001 1.000000
-0.103622 -0.553018 1.000000
0.205777 0.457445 0.000000
-0.319866 -0.311213 1.000000
1.138294 -0.502555 1.000000
-0.385670 0.721542 0.000000
-0.431914 -0.105121 1.000000
-0.363654 -0.270580 1.000000
-0.378585 -0.231595 1.000000
1.436156 -0.065689 1.000000
-1.130436 0.525862 0.000000
0.418298 0.093444 0.000000
-0.200820 -0.486609 1.000000
1.213566 -0.455225 1.000000
-1.364336 0.230593 0.000000
-1.201344 0.440419 0.000000
1.507697 0.160938 1.000000
0.013158 0.624234 0.000000
-0.315351 -0.344022 1.000000
-0.450377 -0.056354 1.000000
-0.507651 0.755809 0.000000
0.680990 -0.730802 1.000000
-1.506292 -0.174089 0.000000
0.918152 -0.650222 1.000000
0.492058 0.014986 0.000000
-1.356885 0.270267 0.000000
-1.488301 -0.046429 0.000000
0.394650 0.206314 0.000000
-0.715059 0.722130 0.000000
-0.047441 -0.593782 1.000000
-0.570659 0.733354 0.000000
1.286839 -0.339433 1.000000
-0.248248 -0.387838 1.000000
-0.363622 -0.293981 1.000000
-0.763255 0.718581 0.000000
0.968990 -0.625264 1.000000
-0.814275 0.716071 0.000000
0.333663 -0.744866 1.000000
-0.711977 0.722260 0.000000
-0.468778 0.007074 1.000000
-1.034599 0.603208 0.000000
0.099990 -0.666931 1.000000
-0.927758 0.668332 0.000000
-1.486733 -0.233008 0.000000
0.480203 -0.755266 1.000000
0.210354 -0.708918 1.000000
-1.005686 0.612841 0.000000
0.370366 0.236192 0.000000
1.444020 -0.059745 1.000000
-1.337153 0.297581 0.000000
0.371048 0.236315 0.000000
-0.369911 -0.225852 1.000000
-0.458010 0.750742 0.000000
-0.262766 0.721796 0.000000
0.065172 0.584445 0.000000
-1.397835 0.234727 0.000000
0.214645 -0.719137 1.000000
-0.478994 0.250112 1.000000
1.494880 0.106782 1.000000
-0.396326 -0.203576 1.000000
0.308383 -0.723866 1.000000
-0.632806 0.746838 0.000000
0.253136 0.396291 0.000000
0.819275 -0.689850 1.000000
1.505671 0.199576 1.000000
-0.436240 -0.130511 1.000000
-0.094161 0.675648 0.000000
-1.076653 0.573780 0.000000
1.449392 -0.021948 1.000000
-0.455217 -0.064667 1.000000
-0.488841 0.097798 1.000000
0.393988 0.162090 0.000000
-1.453570 0.035303 0.000000
1.315074 -0.337804 1.000000
0.069512 -0.646129 1.000000
0.189209 0.469312 0.000000
0.926491 -0.651707 1.000000
1.222518 -0.421021 1.000000
0.401974 0.166395 0.000000
0.486335 -0.223774 0.000000
-0.464414 -0.031216 1.000000
-1.276259 0.374654 0.000000
-0.498639 0.049214 1.000000
1.441745 -0.095659 1.000000
-0.445973 -0.070880 1.000000
-1.067927 0.574763 0.000000
-0.329049 -0.302736 1.000000
-0.447693 -0.048736 1.000000
0.106871 -0.672524 1.000000
0.164203 -0.704653 1.000000
0.620852 -0.725732 1.000000
-0.316044 -0.326977 1.000000
0.345214 0.274235 0.000000
-0.492452 0.183750 1.000000
1.490256 0.144307 1.000000
-0.017429 0.624322 0.000000
0.438174 0.134042 0.000000
0.990848 -0.607006 1.000000
0.279532 0.380692 0.000000
-0.309023 -0.355497 1.000000
-0.937878 0.643336 0.000000
-0.402678 0.760820 0.000000
-0.676791 0.710917 0.000000
-1.363273 0.253478 0.000000
1.490714 0.097841 1.000000
1.468489 -0.012539 1.000000
1.118911 -0.542134 1.000000
0.298723 0.328264 0.000000
0.465315 0.031892 0.000000
0.254150 -0.726147 1.000000
-0.181329 0.709436 0.000000
-0.234578 -0.444359 1.000000
1.492323 0.152859 1.000000
-0.083664 0.641909 0.000000
0.482103 -0.041720 0.000000
1.366591 -0.223238 1.000000
-0.463891 0.050726 1.000000
1.470655 0.042580 1.000000
1.493407 0.086447 1.000000
-0.409555 -0.205566 1.000000
-1.294314 0.311970 0.000000
-0.570445 0.771843 0.000000
-1.321192 0.324612 0.000000
-0.256582 0.699046 0.000000
-1.491998 -0.081321 0.000000
1.496933 0.211043 1.000000
-0.785050 0.719030 0.000000
-0.171664 -0.514471 1.000000
-1.491953 -0.065712 0.000000
-0.488794 0.145919 1.000000
1.439335 -0.119679 1.000000
-0.651460 0.738965 0.000000
-1.210466 0.467249 0.000000
-1.294188 0.363177 0.000000
-1.222958 0.425297 0.000000
0.461130 -0.004173 0.000000
0.048002 -0.641269 1.000000
-0.125768 0.671584 0.000000
-0.646681 0.735477 0.000000
0.905505 -0.665546 1.000000
-0.505321 0.184138 1.000000
0.751283 -0.713781 1.000000
-1.088107 0.554191 0.000000
-0.338382 -0.311423 1.000000
0.828871 -0.724884 1.000000
-0.219836 -0.449592 1.000000
0.633636 -0.750333 1.000000
0.444468 0.034629 0.000000
-0.398494 -0.149803 1.000000
0.595671 -0.738624 1.000000
0.499876 -0.194899 0.000000
0.120111 -0.678374 1.000000
-0.883160 0.654000 0.000000
-0.146842 0.705095 0.000000
-1.471348 -0.006632 0.000000
0.531277 -0.756237 1.000000
1.451859 -0.075630 1.000000
1.166293 -0.489226 1.000000
-1.456078 0.015971 0.000000
1.286397 -0.388359 1.000000
-0.197118 0.703739 0.000000
-0.089894 -0.544537 1.000000
0.480863 -0.076444 0.000000
0.468024 -0.747234 1.000000
-0.291244 0.710019 0.000000
-0.004243 -0.616000 1.000000
0.327371 0.288110 0.000000
1.479990 -0.009396 1.000000
0.116296 0.530095 0.000000
0.303400 0.355047 0.000000
0.057124 -0.638717 1.000000
0.191606 0.460036 0.000000
-0.496608 0.108452 1.000000
0.764689 -0.698397 1.000000
0.749852 -0.724697 1.000000
0.978683 -0.639093 1.000000
-0.865893 0.674226 0.000000
-0.425286 -0.081956 1.000000
0.058348 0.576467 0.000000
0.549760 -0.744612 1.000000
-0.957235 0.636597 0.000000
-1.498098 -0.062255 0.000000
0.430369 0.112181 0.000000
0.289316 0.371866 0.000000
0.505577 -0.232084 0.000000
-0.505659 0.251591 1.000000
1.076315 -0.561004 1.000000
-0.475540 0.750392 0.000000
1.474626 0.056334 1.000000
-1.451331 0.079312 0.000000
-0.129818 -0.500506 1.000000
-0.398678 0.741692 0.000000
1.394071 -0.195570 1.000000
-0.427819 0.747339 0.000000
1.227779 -0.428074 1.000000
-1.397519 0.203400 0.000000
-0.031293 0.639973 0.000000
0.590008 -0.749373 1.000000
0.236989 0.459200 0.000000
-0.488942 0.138342 1.000000
0.190439 -0.702921 1.000000
-0.417128 -0.162570 1.000000
-1.217951 0.459940 0.000000
-1.136598 0.510347 0.000000
-1.464784 0.041664 0.000000
-0.992579 0.625377 0.000000
1.283660 -0.364712 1.000000
1.512311 0.236496 1.000000
-0.056925 -0.578269 1.000000
0.880375 -0.685739 1.000000
-0.499133 0.206302 1.000000
-0.270552 0.729425 0.000000
-0.821231 0.687192 0.000000
1.156589 -0.511147 1.000000
1.375225 -0.257774 1.000000
-0.367545 0.732979 0.000000
-0.225827 0.694695 0.000000
0.023300 -0.630328 1.000000
-0.801513 0.701421 0.000000
0.359486 -0.749330 1.000000
0.131982 0.528537 0.000000
0.836544 -0.700406 1.000000
-0.127303 -0.527956 1.000000
1.278492 -0.391292 1.000000
0.274793 0.386060 0.000000
-0.594391 0.731375 0.000000
1.409456 -0.223574 1.000000
0.080020 -0.670036 1.000000
1.252274 -0.411570 1.000000
0.317767 0.333347 0.000000
0.165590 0.481151 0.000000
1.192050 -0.467924 1.000000
-0.942181 0.637023 0.000000
0.361784 -0.758690 1.000000
0.392511 0.188010 0.000000
-1.467928 -0.002169 0.000000
-1.338380 0.287254 0.000000
-1.238463 0.450623 0.000000
-0.254151 -0.387485 1.000000
-0.498157 0.242385 1.000000
0.380747 0.218053 0.000000
0.379625 0.249236 0.000000
-0.903809 0.655204 0.000000
-1.471698 -0.044002 0.000000
1.408298 -0.171301 1.000000
0.310272 -0.716192 1.000000
1.327171 -0.306220 1.000000
-1.176997 0.495308 0.000000
0.278789 -0.695763 1.000000
1.397165 -0.188849 1.000000
-1.436642 0.105279 0.000000
-0.486141 0.749364 0.000000
1.062478 -0.567907 1.000000
1.046462 -0.600570 1.000000
-1.493319 -0.215412 0.000000
-0.268775 -0.385378 1.000000
-0.717902 0.707977 0.000000
-0.020879 -0.595371 1.000000
-0.075509 0.666090 0.000000
1.000483 -0.613573 1.000000
0.424138 0.150756 0.000000
-1.351575 0.269874 0.000000
1.052343 -0.569575 1.000000
1.475242 0.029853 1.000000
-1.402088 0.131996 0.000000
1.475845 0.038125 1.000000
0.315833 0.324259 0.000000
-1.491029 -0.156308 0.000000
0.724194 -0.712711 1.000000
-0.327932 0.738454 0.000000
-0.054105 0.651303 0.000000
-0.289196 0.728119 0.000000
0.387179 -0.740653 1.000000
-0.295219 -0.362558 1.000000
0.156002 -0.682889 1.000000
-0.486050 0.078715 1.000000
0.479341 -0.111419 0.000000
1.313610 -0.330854 1.000000
-1.501336 -0.185290 0.000000
-0.189842 -0.468350 1.000000
0.868841 -0.699591 1.000000
-1.493500 -0.136769 0.000000
-0.781879 0.729377 0.000000
0.239638 0.441944 0.000000
-1.417536 0.154940 0.000000
