0.434890 -0.826329
36.955041 1.075470
-2.444871 -1.356866
-3.535973 0.874608
-1.366652 -3.027958
-2.143770 -2.053480
1.639038 -2.884515
7.610132 2.338249
-3.539708 -2.902154
2.864054 -0.609819
3.208681 3.145857
2.079446 1.672846
0.298300 1.624246
15.585417 31.347457
0.150401 -0.347402
5.550909 -0.560750
1.561879 0.398608
-3.495551 -0.473522
-0.820355 -1.671356
0.274660 1.350063
-4.229577 -0.331855
-0.921324 0.572843
1.696335 -1.847638
-15.014978 -1.065589
-3.024535 0.126009
-1.550390 -1.376483
6.064612 11.021531
1.590272 1.349583
1.512654 2.022336
16.378224 -1.681825
-0.916228 2.383920
3.610271 3.466292
-1.698118 -1.236166
1.344617 5.413336
-5.190031 2.095292
-5.421699 -8.566999
0.796992 0.808386
-0.965611 -2.078122
-2.633993 -1.214016
4.246792 6.943561
0.332667 2.075168
11.022145 -2.308226
-1.012980 -2.230430
-0.453427 -1.124516
-2.798344 0.535968
4.121024 5.164909
3.622482 0.395964
8.085211 3.506204
2.204027 2.019251
-2.049807 -2.528305
2.283292 -2.792493
3.565524 -0.624631
3.755221 -1.281940
2.380151 -0.906575
0.142957 -1.176387
-2.287188 -1.839192
0.556337 -0.333398
4.836494 0.077322
1.362043 2.328788
5.149825 6.767343
-0.945476 -2.324639
-1.681661 -5.086357
-3.846466 0.758317
-1.442636 -0.631193
-6.562263 -11.820485
0.146995 -0.779870
-3.328064 -13.145777
2.211826 0.011398
5.111628 2.122480
7.797703 -2.217854
-0.528126 0.272887
1.434216 -0.663542
11.083219 24.992666
2.354013 -0.423079
6.946132 14.582206
0.040038 0.063364
-1.377592 -0.659533
-9.749602 3.163107
2.803725 0.085352
3.509606 4.701705
-3.941469 -5.105712
-2.157327 -8.579238
-4.785998 -0.144534
-10.324940 4.565757
1.414812 -1.126389
-3.798964 3.575858
-10.385486 -17.945493
0.303450 2.389703
4.529618 2.495068
6.555655 21.444258
2.644217 2.389366
-4.283188 4.771613
-5.786672 -2.354812
1.559718 3.260186
-4.341909 -0.378495
-9.870119 2.483924
-7.322259 -8.044487
1.992925 -0.045427
-2.834959 0.818228
-1.667362 1.980582
-11.836665 0.190243
-2.304474 -4.288819
3.870923 -0.934698
-9.083008 -1.121175
3.236862 -1.359437
0.511360 -2.378465
4.245570 6.534941
-6.439106 -1.672363
0.919747 -0.255388
-8.342266 2.378615
1.651440 1.087744
-0.720248 -1.671428
-2.669815 -4.525819
4.533932 5.888424
-0.373743 9.044403
61.496095 0.138616
1.109943 0.502324
0.976708 -1.436847
6.692940 13.142249
-5.299506 -5.737267
3.765153 10.678336
-3.125160 -0.120913
-3.817375 -2.829730
0.008242 -0.120133
-0.502545 -0.855153
-4.936596 6.545119
-10.606663 -15.596877
20.888944 5.848719
0.943798 3.949031
1.426114 0.849961
17.742350 -1.672907
0.943347 -0.787221
-2.505243 1.418482
0.277335 -0.124770
0.627587 0.305401
-1.328801 -4.573766
-0.160288 -1.927008
3.267078 5.432569
-8.233340 -7.329277
-0.668659 -2.988142
-1.211862 2.031427
-14.246188 1.520835
8.743901 -0.740064
3.837259 7.803704
3.091724 0.971107
-0.761267 -1.976007
4.730079 2.174409
2.517858 0.377342
1.203188 2.510032
0.107510 -1.625427
-1.257600 -1.620856
0.804246 0.929993
-0.480129 1.794970
1.150177 4.949869
-15.601876 -2.457759
0.781003 -0.450185
1.487515 2.267758
-4.189288 -6.432719
2.173001 -0.828582
-6.022916 -12.930464
-1.004630 -0.507891
9.105379 6.590739
1.365193 3.343137
0.803027 1.693413
4.238638 2.783658
2.019389 1.057628
-0.164042 0.859500
2.783092 2.673261
-2.178314 1.164558
1.839087 3.210020
-0.699479 2.030811
15.512432 -1.341842
3.236265 8.290411
2.781299 -0.269950
-10.394457 -4.021516
-0.343469 -1.642169
5.108737 -1.292013
-0.699834 1.861903
1.171330 0.499123
0.687384 2.671958
-3.405521 -5.943483
-18.037972 -5.949130
-2.296900 1.186644
-4.463788 -0.302911
9.290160 7.688779
-2.492338 -0.421037
30.006153 11.499741
1.923805 1.384840
3.934405 0.483919
-2.137855 -2.608566
4.907777 9.928907
0.792289 1.199049
-1.728871 -2.793340
-3.693033 -4.212241
1.200129 -0.156842
3.728958 2.426331
-2.210725 -2.953142
-5.647043 -16.499188
-1.521742 1.047386
-1.600923 -3.745497
15.240941 13.341591
1.854146 4.586715
-2.099035 -2.939966
2.134100 -1.164975
3.010550 0.907755
4.591099 -1.973872
-0.238227 0.222350
2.584918 -1.024863
7.187803 3.726999
-0.471708 -1.719910
-0.171832 1.422889
2.071961 5.004297
3.148006 -3.824676
5.049604 3.262664
-46.086799 7.395684
3.953332 3.562921
4.955394 3.168408
-2.546364 -1.120679
1.897440 2.445838
-5.922319 -1.213990
-1.220409 0.300260
3.817320 1.355087
0.269581 0.085756
-2.434386 -0.991703
-1.084051 0.614848
13.767579 0.880117
-2.461358 -2.498824
1.191478 -3.767475
9.310886 8.478522
-13.044256 -12.773284
-1.590214 -3.766367
1.454336 -2.781057
-1.065107 -7.570406
-0.740456 1.349162
-1.168817 -0.756524
21.476901 2.686250
13.233229 4.034429
-5.182923 1.092688
2.060693 4.130224
0.200079 -0.127706
-3.423752 5.523109
0.026141 -0.060764
2.211692 4.530000
-21.265547 -0.286301
0.434484 1.397023
-2.050588 0.934547
0.635863 -0.618177
0.239796 0.011556
-15.859288 2.631264
-3.092091 -2.869741
-16.028766 -4.197597
-48.466117 0.158826
0.693008 1.617397
-0.956398 -1.577827
-4.773707 -1.958959
1.005645 4.482824
3.578762 -1.223973
-0.749963 -1.892339
-0.039007 0.630822
0.499212 -3.649007
12.264732 2.798170
-5.492608 3.149730
8.167677 3.255021
0.323177 0.393229
-1.774318 -2.754449
-1.778764 -7.789281
1.759590 1.070550
-0.079549 0.387761
4.107362 0.942337
-0.249509 -1.654793
3.972142 6.591874
2.642961 2.239356
-1.303522 -1.980235
-3.706598 0.719322
0.417245 2.345794
1.808984 -0.459839
-4.417713 -3.664943
1.747251 5.703014
6.391088 5.009062
-9.401218 -0.005214
2.919203 5.331336
-0.215435 -0.073715
4.590328 13.323357
2.068029 5.819173
-3.221744 -7.531611
-0.342527 -3.532645
1.342020 2.842865
0.118805 3.527014
-2.728690 -3.409277
13.678539 -4.508699
1.417165 19.607413
0.641585 0.882766
2.328257 -3.440092
-9.167873 5.448289
1.249750 1.511847
-0.089412 -1.017253
2.091877 1.781779
-4.497189 -9.055937
-4.375281 -1.303377
-0.162407 -1.135582
1.814207 -0.603928
2.201408 5.744461
1.554704 -1.006151
1.050299 1.296169
-2.186476 -0.791065
17.910480 -1.589243
0.394323 0.917284
0.428837 1.722022
0.773443 -0.509258
-1.147054 3.153598
4.587244 -0.040480
-2.036645 -1.031962
6.223326 4.115999
-1.404120 0.601000
0.793828 -1.048104
16.739506 32.517963
0.796337 0.275568
-0.124232 -1.809342
2.514724 -0.202571
2.425672 -0.713945
-0.626423 1.386311
32.731328 59.416561
1.748389 -2.703398
9.201470 16.096847
2.014289 2.506205
1.848962 1.246888
-2.142473 -2.219845
6.491749 5.939686
-1.066489 -0.840902
3.744703 7.312405
-3.978704 -0.098244
13.662257 42.220751
-1.405104 -1.887664
1.063596 4.950443
2.838665 0.087257
-3.776999 -3.364598
-0.494142 1.078351
-15.825458 -1.185141
-0.842992 -1.220722
-0.179560 0.039713
4.592449 12.144670
-6.877214 -13.178549
1.695402 -1.587534
-3.225327 2.605046
0.805879 0.959301
-0.379225 -5.429690
-1.563353 -0.427449
-1.907500 -0.393995
-3.032386 -1.506250
-7.756080 -0.178940
3.530828 -1.101144
1.702201 1.180388
-2.671033 0.230870
-10.819078 -6.298620
-3.344127 2.129265
-2.079023 -0.591367
-2.147188 2.306830
2.186829 3.146131
0.627309 -0.943463
2.370090 -0.204748
0.040601 3.078490
0.244139 0.643776
-0.366161 -0.205273
-34.397442 -71.235955
3.886771 3.653261
14.372784 34.876771
2.041126 0.862485
2.070055 1.025976
-1.772927 -3.041085
-17.981379 0.323386
-7.934297 -1.135751
2.586080 -0.904753
1.174400 1.943335
-5.741121 1.843760
0.016889 -2.276958
0.602577 -2.035171
49.346098 100.427722
-1.182210 0.522272
0.539104 2.538330
3.251392 -0.267999
93.106699 1.636527
1.428283 2.580922
1.480483 2.957895
-0.917776 -0.211701
-1.061475 -5.483603
-9.456511 1.379616
-1.098753 2.004418
-4.407218 -0.678662
-1.802371 -2.415649
-0.265376 -0.494695
2.338875 1.141881
-9.532790 -0.906796
-176.847299 -2.915483
0.650035 0.759615
-9.685650 -19.028606
0.661944 1.184911
3.274347 0.817569
6.148737 -1.143986
1.683735 -0.155012
-3.233271 1.779661
9.127509 19.107649
-18.288090 -0.221331
0.094847 1.042385
-2.321400 4.579587
0.719473 0.051273
-0.098831 -2.958891
-12.496902 -0.000776
-4.059563 1.038018
-1.398277 -0.474778
0.918681 -0.570617
-1.714687 2.309173
-3.409512 5.805356
0.584833 1.981733
6.557973 0.126000
0.893584 2.376832
-2.613307 3.743616
-3.463934 0.711489
5.571775 2.855593
-140.941130 -275.000955
-2.546605 0.058592
-0.564801 -3.407653
0.115835 -3.228596
5.413781 13.442800
-0.198488 2.190948
0.458586 -2.499490
0.697882 -0.322946
1.415619 2.041298
-2.711747 -1.460360
3.164365 5.402071
2.473100 2.446871
5.695649 7.181770
4.299404 0.984228
-2.706675 -1.637367
0.252726 -2.586321
-6.306520 0.848064
-3.464282 6.110623
-12.488421 1.264615
6.872282 2.388140
-7.807370 -9.999868
-1.759655 -2.741012
-8.799124 -2.703376
0.779424 0.671872
-1.447956 -0.537773
-0.694574 -4.289594
6.342971 0.459696
-0.765850 -2.942034
1.613788 -0.327606
-0.298427 -0.198317
-2.518947 -3.523135
-0.528381 3.501580
-7.037023 -7.592329
2.032409 1.476799
1.728990 2.388233
3.606701 2.918650
5.880932 2.844327
0.829697 2.602865
1.366687 -2.944382
-0.697066 -1.349647
-3.100916 -0.538863
6.115222 3.642893
10.875016 1.758982
0.107437 -0.868682
-2.737900 -4.402515
1.910665 1.386867
1.770352 -1.620136
-7.028021 0.245328
-1.025357 -0.974112
5.562994 4.985075
-1.885721 0.686253
-2.010389 0.303059
-1.513743 3.251100
-0.523493 -0.135090
3.231912 1.385819
1.528671 3.436079
-2.580320 -0.075065
-1.982107 -7.324437
-7.893279 2.045021
4.648421 6.102381
-0.307100 -0.015362
1.795642 2.169936
-1.579593 -4.862335
0.845030 1.002264
1.655298 2.534423
-4.733797 -3.147938
0.675192 1.293503
-0.759326 0.893292
-8.276365 -4.270687
0.236318 -1.994624
-3.852045 -9.427395
2.411802 -5.712209
0.130425 1.041256
3.642310 -2.544717
-22.332520 -0.378019
0.680194 -2.117781
1.598256 1.421317
0.257634 0.042664
-1.905482 -4.898366
2.597818 2.469797
-1.370257 2.693352
-2.823748 -2.643010
-3.670583 -12.850788
2.556106 0.810392
-15.873784 -1.207506
37.399242 14.141639
0.116675 3.189428
0.792905 -0.556789
-0.580670 -0.263220
-3.804341 -3.451042
-2.925567 -0.251664
0.618148 1.737493
-2.423548 -0.666363
3.338569 -0.725810
-0.751626 -1.262545
6.686759 11.056385
-5.177885 -9.744503
3.663017 -0.504036
-0.635638 -2.356583
-1.941845 -3.719653
2.399140 -1.024041
-0.946493 -0.784427
-3.873028 -9.686624
-3.404961 -1.190450
-3.352535 0.511952
0.148138 2.312325
-193.572041 -1.349492
0.156955 3.846478
-5.130651 -1.817494
-1.099099 0.990787
11.581138 24.652869
-2.390724 -5.374032
14.605010 34.965659
-0.292063 1.834712
0.252238 1.988819
2.054123 2.621980
-0.282092 0.796043
6.331509 0.997114
13.914636 34.987425
5.069242 5.138561
6.542969 -1.106732
-2.517075 -5.784645
1.786931 2.479179
-1.878242 2.101252
1.731165 -5.909612
8.398678 -0.628279
-4.343605 -0.396116
3.278893 0.205684
2.489885 3.949847
0.059733 0.669560
26.549544 1.459270
0.105086 -1.791807
-25.023496 -1.578267
0.158629 -4.504141
0.661123 1.965269
-6.653904 -9.127931
-0.523300 1.230513
-1.267707 0.201385
0.773109 1.338418
1.447675 0.534561
1.136412 -1.100700
-1.634703 -1.525678
-10.000150 -5.679686
-3.673022 0.396656
1.030123 1.138989
4.414600 11.334531
3.581676 0.159396
1.233583 2.750477
0.236950 0.798580
0.419712 1.240948
-0.826252 1.368087
-6.763905 -0.461301
-2.569176 -4.386690
-1.728341 -4.531588
-12.650063 45.337583
-0.212574 -0.033027
2.260859 -3.333944
-1.552977 -2.828169
-4.455053 -8.127727
-10.801410 -0.912193
3.116930 1.927905
-16.432038 -28.536047
-1.519912 0.750406
-3.753771 -1.428763
3.493673 0.881797
-8.383370 5.336966
3.650281 4.983250
-6.778148 -2.530235
0.596832 0.664348
-1.967835 -0.879584
3.767865 0.981329
3.575854 2.841525
0.379493 5.087265
-0.025299 4.471134
1.191543 7.430599
5.233473 9.620022
1.466767 6.697076
-0.999206 -2.829917
1.658917 0.286434
-0.364684 0.088479
-7.549223 -0.424768
-1.142747 -1.544951
1.297030 0.335960
-2.168930 4.817374
-0.952987 -5.519836
-4.726814 -2.006999
1.446752 -1.716213
1.742654 0.753304
-0.693470 -7.009920
-4.484195 -8.730367
-0.446346 -1.823362
-1.118286 -2.227712
6.082809 1.567923
22.178995 40.962309
-0.933830 2.007844
1.260456 -0.482298
-2.024762 -7.169631
-4.825006 -2.684530
2.582205 0.281329
-14.521899 -5.952290
4.837223 4.135293
-1.742866 0.244147
-0.566315 -0.702286
2.708621 3.987886
3.980978 3.961248
-1.433934 -4.809482
-2.371211 -0.868720
-2.443347 -1.169964
1.429689 2.141494
1.013804 -0.464681
-14.391082 0.471170
3.175119 -6.613130
-7.581616 -3.155394
4.742904 -4.158862
7.191855 10.111446
-0.046312 0.744945
-0.171498 -0.804282
-1.333025 -6.392203
-1.543817 -0.521500
7.496997 3.625614
10.992207 19.235970
0.031260 -2.940118
1.640372 -0.217199
1.265399 -2.265886
-1.736860 1.309040
-5.602154 1.633610
-2.866310 -3.510909
10.915913 4.337460
13.048253 -1.266882
1.089315 -1.829268
-4.747770 -0.077234
-3.162319 -0.071360
-2.490105 -3.049158
1.288356 0.062962
0.991100 2.965094
-4.404799 -1.485963
14.257198 -6.853063
-15.935127 -27.557720
7.283674 1.673698
2.352553 1.999872
0.706017 -1.474511
9.217682 0.001107
-1.383813 -0.441496
2.425769 2.308027
3.825697 2.278595
1.707913 -2.908791
0.166949 -1.045086
0.157790 0.974245
-3.326670 -4.264243
2.822126 0.562306
-7.414836 -14.858231
2.992529 1.125560
1.134487 0.780121
2.492943 1.112753
-0.044409 -0.481849
2.485901 3.093518
1.209646 -1.177669
4.989508 1.827166
12.166487 -0.417914
-1.605289 -1.317066
1.469397 0.137431
2.062201 -1.023943
-0.510186 -0.320062
-0.024263 1.740915
1.254768 -1.795532
3.891940 -0.138637
-4.626312 0.902983
-2.794950 -0.592455
-8.860792 1.037606
-2.598867 -2.583492
0.715880 -0.036483
0.314730 0.031495
-65.116355 -134.933280
-8.998949 -1.767350
-3.916397 -3.194420
-1.524609 -1.886410
1.693982 -1.022813
4.587350 5.734716
7.772745 -0.383170
-0.312702 0.689126
-1.936324 0.599297
2.260591 1.914564
-19.658166 -1.746695
-2.186489 -0.199227
0.116604 0.374579
13.060830 1.793250
-2.740886 -1.278345
-3.128668 -1.525826
5.104249 -0.692906
24.842728 -2.343772
-5.342843 -1.688146
-0.230125 -0.361708
3.191115 5.706892
-2.510741 -1.462789
12.520653 0.665115
0.975966 0.166030
-2.667346 -0.261714
-2.529880 -2.896174
3.165884 2.195453
4.617333 -1.709201
-5.265587 0.579091
0.438125 1.346058
-147.512284 -290.184241
2.650856 0.795211
2.103818 2.664932
-1.720794 -2.426804
0.186705 1.433953
-3.150382 -3.083105
-9.096566 -1.411905
0.299859 2.042026
-1.910548 0.831746
-1.778635 -1.896956
4.130757 2.992713
8.348019 -5.736822
4.645342 -1.793790
-3.454517 0.076501
4.495545 0.319921
-0.727873 5.776434
-2.010498 1.009679
-15.377114 0.277385
-0.924575 -1.633122
-5.519376 1.254368
7.494559 2.234230
2.657118 11.290725
1.820552 2.673011
3.668682 6.026913
1.250350 0.433054
1.658784 -0.489982
-1.744537 -1.193316
0.802234 -1.474375
-7.183157 -9.869788
-6.072362 -15.883073
1.352302 -0.537850
7.229882 -0.638068
1.387776 5.080292
0.065979 -1.877179
2.588696 1.140301
2.493600 -2.210919
-3.475132 -4.189152
-0.396628 -1.977450
-0.428687 0.034816
0.153243 0.592626
1.556690 0.994117
0.583634 2.513324
4.697443 -0.503239
0.367960 0.634961
-1.483838 -0.666186
-3.137471 -5.266007
14.219547 -1.379331
-1.025380 0.556995
1.503954 0.705609
-0.778942 -3.955454
-0.695507 -3.347882
0.110488 -1.798332
-8.078775 -1.036104
-6.769419 -15.880222
2.129868 1.571936
-4.322480 -10.214782
1.387519 2.798849
0.590731 0.013552
-6.113218 -3.116472
-0.614382 4.184386
2.952173 4.971476
-0.685170 -1.911628
-2.256568 -3.937977
0.163610 -1.069953
4.088246 11.973902
-6.352360 -5.614213
0.146509 0.680415
-1.247511 0.440546
8.459130 -1.188137
-0.152557 -6.026044
-3.027542 -4.533835
-5.018851 3.057644
1.029159 0.709325
5.226737 -1.211158
0.352107 2.937584
-1.999716 -6.884877
-3.906534 1.123212
7.182402 4.691041
-3.594334 -2.395640
3.649799 1.056310
-0.390159 -1.638375
-1.011000 0.093861
-1.612440 0.784442
-16.940008 2.637501
-2.732633 0.203736
5.503697 3.353955
-2.308355 -1.339651
2.024534 2.115811
-1.254105 1.202382
-1.999372 -0.066346
-0.503894 -6.563385
0.386799 -4.521269
4.663192 -1.085996
-18.650501 -3.201456
1.161836 -0.639597
8.140779 1.958799
-1.167694 0.529839
29.878947 0.669511
-15.460944 -25.907199
6.587026 9.186929
1.916750 2.235461
1.828376 2.308356
-0.082215 1.687175
-3.525394 0.628885
-0.721115 -3.600069
-1.472897 -0.750683
-9.824353 -2.734541
0.113068 0.740620
1.056023 -0.366586
-3.344591 -6.150821
0.058297 2.023110
-20.435169 0.930169
0.598552 -0.698551
5.337203 -0.734965
-1.426768 3.140363
2.135721 1.187896
15.354811 -1.986162
-0.346898 1.420934
3.057459 -0.528402
9.551549 0.058372
-2.847902 -0.453115
-2.817975 5.908158
0.690034 1.396375
-2.739829 -3.624030
0.107623 0.238792
0.943133 2.809377
-0.785001 1.798222
33.213288 -1.427836
-0.119381 -0.180593
3.036107 2.587618
-2.762061 -1.523684
0.142377 -3.248058
1.331102 0.224954
-3.839408 -0.039263
2.203414 4.221041
-1.206962 -3.807615
1.079034 -0.392649
0.417544 -9.038598
0.280833 -2.021395
-1.927274 -1.826252
-3.654865 2.018544
0.602263 1.514346
9.397805 4.798069
2.949708 1.769646
0.978858 -0.059115
3.900720 4.564151
6.106247 2.701102
31.821342 1.432293
-0.106454 -1.288064
0.070909 2.815055
-1.600310 0.050619
1.386791 2.764551
-2.533923 0.129955
-0.654642 -0.709984
-1.006895 2.577062
5.029430 0.836533
-3.116889 -1.957163
1.568365 0.026226
-6.378526 -9.783325
12.012235 -0.804115
-1.399872 -2.267106
-1.619150 -5.515653
-6.773151 -1.148511
3.986344 -2.089706
0.595324 -0.912237
-0.883513 -0.943826
0.430824 1.000216
-30.538852 -82.673153
3.373640 3.781044
-5.001895 -16.466856
1.190249 -0.386737
-0.916926 0.988279
16.973811 3.918777
0.475513 -0.619379
-10.208115 -19.952494
1.114227 -1.312089
-6.098494 0.507099
-3.591627 1.758380
-3.359385 0.854723
3.312839 2.713748
-1.663217 -0.383893
5.043383 1.976884
6.966770 7.187084
0.387261 3.090923
1.876119 -0.486555
3.584873 1.744876
-0.860801 0.739363
6.117027 7.969247
2.127386 4.230709
-1.384195 -3.130795
-0.196313 0.701393
-0.216595 -1.278081
-0.981093 -1.329767
-1.317542 -0.365639
4.781369 -0.263801
4.734303 0.220573
0.351304 -0.291808
11.478811 22.045978
-1.092947 1.359594
3.422480 -2.339941
-1.171031 -5.231083
78.847279 11.334796
8.802475 21.902530
-3.229172 -5.422247
2.489625 0.015372
1.246615 1.158292
3.679913 -2.776595
-1.328184 -2.093721
1.619186 -0.934539
-10.432636 -14.752509
0.121424 3.342853
2.685274 4.646680
0.090126 -1.941326
5.871274 10.178716
13.503379 25.270351
-2.860989 -1.479615
-0.656580 -0.347588
-0.750653 0.132560
0.535293 0.194492
-2.133227 0.417864
0.158809 1.110967
-8.483951 -3.914896
0.805053 1.211074
1.301698 0.617784
-4.525467 -6.943244
0.432190 -3.953831
2.920627 1.715305
-2.043814 -0.068374
-1.255823 -3.395029
-7.492596 -6.775933
10.260663 17.017478
-0.490600 -1.470025
-0.146355 1.116357
-6.269326 -0.709281
-0.985775 -1.233809
1.140483 -3.431438
1.360127 3.171365
-5.751683 -8.872610
3.447318 -1.584164
5.960339 0.972312
3.742859 10.740546
3.310611 2.727707
7.909531 1.555841
-6.911510 -9.761596
-4.413150 2.446012
5.822775 -2.842470
-2.400925 1.416330
0.535348 2.568519
-1.112266 0.148722
3.437133 0.612443
5.724972 1.263286
3.234194 6.160369
3.536342 4.797730
-1.894886 -1.386053
-0.500984 0.521081
0.084183 2.435844
3.099371 0.394607
63.736396 -2.424536
-4.838985 -0.757509
-1.795669 1.559090
-3.835376 -1.910175
-3.412130 0.035621
2.045960 3.615586
-16.325394 -3.210428
-1.813775 -2.521821
-19.754907 -35.588565
-5.022679 -0.089468
-3.185477 -10.847072
-1.885601 -1.558606
7.100181 -1.719334
-7.942522 -10.144630
2.620632 0.306367
3.288413 1.776386
-3.163947 -1.014474
0.948567 5.968913
0.382243 3.208134
-5.135460 -3.254124
0.742385 2.410449
-11.972820 -2.839748
2.821174 5.985101
-3.317834 -1.134350
-1.497917 -4.337124
3.576840 1.413281
2.261988 -1.094793
-0.338265 0.815043
1.709163 3.907829
0.219023 0.036159
-1.347762 -0.745387
3.325380 -3.014589
2.492959 2.754631
-0.958477 0.914570
4.169375 3.910724
3.133348 2.800293
2.264140 -1.565724
-0.737219 -0.258102
1.636779 8.019340
-1.368466 2.702970
-2.170296 -2.587038
-0.692814 0.697375
-0.864489 -1.568899
-1.575089 -0.031223
2.376058 4.633504
-0.904696 -1.775922
-1.486233 0.435632
6.402259 1.137723
11.579200 2.839208
-2.379326 -7.890130
2.406909 0.573111
1.552761 0.549207
2.900542 4.268060
-9.833342 -9.290498
-2.950643 -4.682255
1.376767 1.501326
0.673930 0.851297
0.159423 0.958803
-9.381541 2.329510
3.185249 1.236593
-3.624736 -2.611205
-2.297458 -4.514526
-4.092410 -6.663583
-2.887073 3.079629
-1.859699 0.134960
-3.103319 -1.480956
2.453311 -2.076756
0.207713 -1.100381
-0.972870 -0.982688
0.021450 8.259097
-2.739261 -4.033860
-2.842029 -6.016748
-0.005719 -3.318109
-0.586445 2.551884
-3.411104 -4.457883
-0.388540 0.069979
-3.781464 0.488399
-1.461781 0.637201
-2.991779 -5.773847
6.658829 -5.552155
-0.402746 0.783648
-20.891496 -21.052872
2.657709 -0.211843
1.650922 -4.032064
4.566685 8.933551
2.386921 3.836320
-4.788490 0.169114
-1.037750 -0.603064
0.245213 -0.568954
-6.937718 -1.898099
14.004822 10.211255
-4.348004 1.996942
1.181640 2.238570
-2.408398 -2.459129
-1.486183 -0.221760
-0.285417 -1.403500
-1.522872 -5.165245
6.721582 -8.845825
0.607180 -2.657964
-1.836672 -2.512889
-13.587136 -2.934024
-2.591617 -2.554171
1.981113 -1.932326
-9.121493 1.783809
-4.691048 4.456922
-0.248655 0.993572
-1.577424 1.387313
-1.749216 -3.229427
-3.163939 -1.194519
0.761978 -0.656685
-8.277242 -18.649914
-2.269018 -7.610797
2.026551 0.174506
5.021481 0.620619
-3.701229 -7.877301
12.522456 20.048271
-1.182052 -2.367160
-4.812885 -2.334048
1.370244 1.659417
-1.710925 5.135931
7.863038 3.140463
-41.056507 -90.600644
2.460425 1.184404
6.451877 0.970036
-0.669606 -2.843648
-1.271550 1.906073
-0.526729 -4.369079
0.590023 3.073271
1.250332 2.654913
2.777108 0.230029
8.781809 -0.527036
10.508976 -4.240839
-9.949424 -1.062563
0.228834 -16.770106
2.534825 2.188153
-0.533143 -1.409575
2.577340 1.623007
1.033386 1.696083
3.137225 6.067434
2.301709 10.944595
-1.663815 -4.546947
-8.325842 -11.557001
6.392104 5.344949
-6.737873 -7.284637
-0.525692 -2.284107
-1.238328 -2.129554
-0.425267 -1.380566
-1.440811 0.960689
-0.106952 -4.301810
-3.090157 -4.359961
-0.007593 0.466102
10.612157 11.813013
8.239603 0.122075
1.717614 3.345639
-0.394970 -1.089537
-15.066572 -6.366305
6.732004 2.069791
1.808779 2.640193
0.986580 -0.355045
-5.801281 -7.816303
6.104529 1.994559
-0.612789 -1.049993
0.263249 -2.785353
-12.196285 -5.684422
-1.896763 -2.643852
7.279261 19.169674
7.981586 0.617061
-6.697026 -2.453253
2.076699 -0.138039
-3.190985 5.461673
0.685163 -0.454944
-61.866400 0.098315
-0.917535 -0.976809
-0.328273 1.077949
-2.040481 -1.206503
-0.521271 -4.331852
2.348654 1.656281
0.748870 1.217744
-1.810414 -3.223607
-1.295725 0.096928
-1.983257 -1.772132
1.068338 2.872163
-9.518952 -5.567995
9.217007 2.564846
-0.891499 1.182747
-1.515159 1.638711
2.387983 -0.158659
-2.434090 -3.471849
-0.804823 -5.607875
1.962560 -0.126789
-0.260223 -0.246869
-3.844734 -1.469285
-6.197293 -0.680682
2.447802 2.382245
-3.062844 -4.288910
0.952268 2.662185
1.909007 -2.151936
-1.867887 -3.654023
-4.582519 -3.726410
1.422068 -9.832432
-0.101088 0.942399
0.703185 -0.698850
-2.195149 5.413180
10.362292 0.208485
-0.279601 4.469257
-20.291902 -3.870651
1.861842 1.063980
-10.143162 -43.385854
-3.997287 -1.142245
0.604028 3.147433
-0.049714 5.196149
0.814434 2.277380
13.502047 -2.144955
-6.732256 0.789196
0.112575 -4.447529
-6.118993 -11.549951
2.550568 1.178472
-1.098283 -1.722089
4.356140 -0.542592
-0.091536 4.980808
-0.527883 -1.775380
-1.283580 -0.095457
11.080485 0.255997
5.495293 8.572705
4.819592 12.081268
-2.915303 -2.740728
0.018753 -0.478236
2.762596 5.743145
0.648204 1.657364
1.822376 4.045930
1.775107 1.175389
2.704113 -0.629534
-8.737748 -12.581066
-1.010428 0.610092
2.209205 -1.552019
1.521453 -3.501723
-2.732156 3.361030
-1.942593 -3.626073
2.130387 1.272148
1.698627 -0.004785
-6.383517 0.662271
2.250156 3.290980
-4.288518 -2.876508
2.821597 -2.632979
-3.494302 -3.641697
8.178221 0.380341
-0.209813 1.759865
0.907856 -2.994248
-2.559599 -1.922855
30.653367 0.135368
9.769712 3.568413
-0.144282 1.425706
0.302736 0.423555
148.022885 -0.796038
-1.066293 -3.974065
2.900964 -0.874882
-1.146496 0.060694
4.352418 1.862684
2.253239 -0.120524
-3.462264 -7.918231
6.152201 18.713226
3.961434 0.995651
1.839866 -2.903752
-7.210301 -1.960094
-3.635091 0.641142
-5.463913 -5.980940
1.140396 -0.475966
6.572695 0.370255
-5.273665 -2.345928
1.431682 -4.674854
27.900328 0.035777
-7.350451 -18.397187
0.687293 -1.292897
0.328045 2.962188
-1.835084 -0.647421
-0.270710 -3.444908
-33.162620 -3.454029
-3.047463 1.436510
-1.618002 -1.053427
-1.405475 -5.542866
4.243898 -0.799183
0.940758 -3.627444
-8.935283 -17.977919
-0.641066 1.099610
2.881593 0.958391
-2.718898 -4.070092
-9.378344 -3.901273
1.567058 -0.095435
-1.875745 -0.594841
-5.194131 0.433575
-16.937309 -26.810587
5.506622 0.083818
-5.433242 -0.831817
-2.153333 4.386945
8.411839 22.454957
-1.090671 -4.674984
-1.536913 -2.857208
6.175864 7.057484
-1.858835 -2.548437
0.875293 9.791066
0.382462 2.216538
-3.979880 -4.479198
7.800163 5.637189
5.149651 9.863303
-2.465638 -0.130971
11.683682 2.999830
2.949505 10.902303
-7.335209 -9.128288
2.998456 3.962635
0.534928 1.458781
0.865207 -0.497434
4.374376 2.463486
-2.288639 1.013408
-0.530222 -9.653634
-7.575444 1.012886
-3.238676 -8.599514
-4.931078 -1.217184
0.278479 -1.827208
44.352146 -1.954720
2.889014 1.676142
-0.657482 -0.059797
-4.995159 0.342772
1.640177 -1.533184
30.749612 6.706764
3.671711 4.367339
-6.412097 -14.411807
0.976127 1.768724
-1.671715 -6.821925
-2.687179 -1.923016
1.188553 -0.964220
-3.108588 0.545529
13.125610 -0.619203
-1.773758 -0.829383
4.299217 2.942699
-1.568747 0.572306
1.581274 5.852430
1.702598 1.568571
2.500678 2.616639
2.998455 -2.408322
-0.240775 -3.358355
-0.787158 -0.553458
4.765566 -6.062611
-0.362581 -2.225717
-1.670470 -2.127482
1.399305 3.117843
-0.119767 -6.550324
-2.586304 0.303782
7.092271 -0.357139
0.356057 4.736023
7.484362 17.658612
0.695106 0.766208
0.260057 1.717883
-12.443692 -17.172634
-4.860095 -1.883336
-0.027315 -1.266458
2.693940 3.923157
3.030010 0.013748
-3.899200 -1.578548
-0.052549 -0.992367
2.596206 -0.605714
9.263837 18.808417
6.959158 -0.070966
2.221163 -0.078983
0.202975 -0.665295
-1.761259 -1.439405
4.287487 5.577073
-2.423035 -1.457495
9.387520 26.090516
1.025618 -0.159906
4.137161 1.025468
3.265688 1.768185
-1.490012 -2.880651
2.998921 -3.818873
-1.042281 2.107090
7.339346 1.808982
-2.079093 1.209494
5.029433 -0.955000
-2.050701 -2.611470
2.604445 2.953034
-2.138678 0.437303
2.331501 2.487748
-1.293459 -2.800858
-5.253244 5.563277
26.741454 55.436889
-3.848124 1.350755
-1.708602 -8.010470
-0.323015 -0.572294
-4.473520 -5.953475
-0.502279 -2.517063
-3.351715 0.695214
1.209172 5.992307
1.540006 -0.459303
-98.959290 -194.270315
-3.013334 -4.918916
12.599173 -1.134574
1.544931 -0.569530
0.809614 1.897580
-6.025080 0.242398
-4.487372 -0.655653
16.970819 6.512373
-2.077876 0.003539
-7.120269 -0.416916
-10.258739 -8.878943
19.347666 4.969300
3.890734 -0.904307
1.997539 0.549690
2.629286 -0.818549
-0.294118 -1.521052
-3.129534 -2.268507
6.769063 10.373146
2.580403 3.088431
-4.660398 -2.983810
-9.993248 -0.689592
14.059713 3.577687
-2.761977 -3.087890
-0.788398 3.824910
-14.988434 -2.803243
1.093955 2.468729
0.931242 0.484997
3.894602 -1.434416
-2.734869 -3.943736
-3.541541 -2.334304
1.153667 -2.366824
-4.133716 -1.251220
3.477138 1.870087
3.809488 2.238041
0.222746 -6.828562
-4.186174 6.560884
0.510909 1.420287
1.188450 -1.307859
32.258141 58.319840
-0.351465 -8.615836
-11.209325 -20.348412
4.615555 9.989859
-0.897719 3.515662
2.334706 -0.296682
39.330457 -1.890499
-7.479259 -17.674021
-2.693483 -1.417316
-0.527392 -1.651293
3.925333 3.686802
1.821011 4.468254
-4.266721 -3.847132
-1.725013 0.051202
3.755695 1.566007
-3.550188 1.384009
8.427459 6.045154
0.326593 0.418810
3.394466 1.851301
1.499913 -5.248724
-0.204867 0.586183
6.910303 -1.379429
15.687204 30.944974
1.470871 4.034305
1.171785 2.185763
-2.179056 -1.273302
-5.719772 -7.844106
4.136518 5.735333
-0.877276 -2.132109
-0.455931 0.401703
13.794705 24.882839
-1.858957 -4.148885
-2.283933 -5.790213
-0.733601 -0.956158
-2.484953 0.097091
-1.963082 -0.415164
-4.664268 -2.150742
6.961633 0.846982
2.539632 1.781078
6.673077 -1.586699
-5.565322 1.137763
1.184234 -0.194635
0.263072 -0.974920
-7.144382 -3.812533
-5.723617 -2.676999
19.018797 -0.114640
13.785690 26.841565
-0.727312 -0.523797
75.048777 1.476011
-0.038130 2.961830
-0.705089 -2.419380
1.464674 3.339732
3.344484 -0.630987
-0.431249 -2.401475
-1.377698 11.456988
20.657185 36.028812
2.848205 7.750699
1.041021 -0.833885
-1.041484 -0.918497
-1.224725 -3.078615
-7.725009 -19.434889
3.976041 1.509482
10.171190 13.570994
-6.451506 -14.393865
0.197784 1.106534
0.396566 1.559713
-1.731077 -1.728154
-7.860805 -1.456130
-2.815159 0.096617
3.895417 2.495722
6.233935 12.694135
-33.411296 4.404150
5.779108 1.950154
-7.262426 -1.806371
0.399012 -0.335998
-2.647071 1.869035
-0.876271 -1.875237
-2.609660 0.231180
0.366561 2.692025
-9.077418 -1.569452
-14.500271 1.860548
3.034155 1.662237
-10.095410 -2.174038
1.297856 2.754103
-6.744559 -9.632344
-2.147532 -0.591742
0.437735 -0.189934
0.471152 -1.097415
2.392316 3.281422
-7.675388 1.044564
1.810154 -0.218858
1.103856 -1.870310
0.552214 -1.212496
1.930651 -0.049253
-1.616445 -0.910990
0.856713 3.735268
-17.500126 0.433035
3.517414 1.144948
6.483105 12.538243
5.861317 0.446423
-2.126446 -0.944913
3.151568 0.673424
-0.881315 1.268657
-0.810299 3.525173
3.837205 8.678761
-4.126604 -0.774925
1.543963 -2.647505
14.855553 31.221646
4.938003 3.947635
-3.986749 -2.317097
-0.216962 0.706305
-5.532043 -13.727450
-5.592215 2.230183
38.855142 1.316952
0.327849 2.428637
-0.467356 -2.032138
4.000179 5.290817
0.579755 2.291853
2.717037 1.833728
-0.088754 -0.995126
-2.942126 -1.107047
3.641337 6.257562
-2.305560 -0.327804
1.688917 2.764026
0.221259 -0.462494
-19.128653 0.495743
2.624173 1.691794
21.241688 4.944592
2.271252 0.508542
2.597375 2.459151
-7.780211 -16.101735
-3.301081 -0.874567
1.903392 2.893722
-3.751758 -3.569043
-0.690214 2.406217
2.448114 3.392986
0.686350 -3.744389
0.066996 1.472297
2.780870 2.531537
1.124257 -2.521728
-0.639285 0.922246
1.323526 2.730138
-0.435848 -1.645341
-0.921697 1.811198
-2.112623 1.338892
-7.730374 -7.216089
3.116167 2.202797
-5.160100 -2.751109
0.811522 -3.968270
13.991901 4.073886
15.771724 -1.740546
2.780404 3.204621
4.997392 -1.010895
-0.240191 0.669982
-0.581188 0.356849
-0.993340 0.616006
0.003357 2.229174
-2.823889 -2.876631
5.054827 8.549319
-1.333616 -0.182482
1.766898 2.990379
1.979808 0.241683
-1.943716 1.561628
-4.810876 0.073650
-0.843767 0.412006
-7.326639 -14.944836
-23.485947 0.952152
1.486057 4.470069
-2.488250 -0.524538
-0.270159 -0.263553
4.628738 11.096903
-1.544324 -1.166218
-2.625884 2.403624
-0.354807 -1.286863
-2.027889 1.199563
0.141306 1.553959
1.479303 -0.802601
7.702902 4.034583
-0.301953 -1.897130
4.493917 0.487382
-1.296489 -3.555363
0.694932 -1.234719
3.345561 -1.759798
-15.547278 -0.882517
2.520990 2.015360
1.427935 1.078717
-20.050995 1.665647
-1.937543 1.752060
1.771622 0.363054
2.690597 5.572067
1.769778 -1.247021
3.020114 2.195335
-5.178021 -9.670948
4.005530 3.235605
1.196880 3.206376
-1.135848 -1.573130
-1.935833 -0.399092
0.457398 -0.418687
0.805558 0.873432
-0.515337 -0.492537
0.671663 -0.638626
2.104751 2.928446
-0.393582 -0.495030
1.955946 5.159996
-0.071788 1.796979
0.526333 -4.380914
14.889566 -1.928442
0.015977 -0.386895
6.278719 1.655920
1.787027 -5.305757
0.899222 0.797985
0.683210 0.113920
6.486409 11.523813
-1.506273 -6.767819
-1.328274 -1.590136
-1.960187 -1.595382
-12.094613 4.588956
-0.300549 0.353676
-19.333688 -3.215046
-6.674129 -7.576274
6.915283 6.742880
3.097687 0.376574
-3.107362 -3.293891
2.057933 -0.463388
6.808285 -0.154301
-2.899821 -1.854583
0.780980 3.826166
-5.988192 0.645002
2.814811 0.858555
0.038632 0.953728
5.045692 0.756370
-6.386685 -6.407782
-2.553150 0.483954
-0.955055 4.800941
-0.172346 0.485199
2.964731 2.092575
0.808240 3.372255
2.240415 -0.572564
-2.487677 0.488769
2.644791 6.560921
1.029891 -0.054794
0.796392 2.285215
-2.656648 -1.310816
-33.956049 -63.639272
3.071719 2.557138
1.883608 -2.427255
3.046805 2.916076
-3.593983 -2.936057
0.281245 1.195552
2.854902 5.576915
-0.235687 -0.346569
0.930580 -0.029059
-1.688049 -1.782776
6.891705 -3.340952
-0.486253 -0.218389
-2.574751 -9.048477
-0.830565 2.134519
0.577459 8.561041
-2.599593 -1.751631
0.784369 -4.939408
0.902193 -0.825704
-18.909488 -1.638637
3.614808 2.451339
12.009881 0.978393
0.887005 -0.703751
1.505200 3.478124
3.333372 0.094204
8.681367 14.155755
-2.350540 -0.783473
-0.374493 -0.722950
-0.861895 -0.952376
7.904158 0.694089
3.768817 3.213771
-2.848982 -2.496656
1.442169 -1.150939
-0.142671 -8.910135
2.311568 6.764787
-0.754332 -0.706931
0.561841 1.746864
2.637889 0.728637
-2.629081 -1.327251
-5.451359 -7.545203
9.220492 -2.251938
-2.863461 -1.890569
-0.279556 2.220616
-7.348797 -6.461758
-2.149088 -8.834868
-1.673696 0.223898
3.721598 -2.078801
-6.350265 -8.104695
-2.234416 -0.764808
0.222817 -3.086965
-7.050633 -5.697113
5.632573 -1.306741
-2.586725 1.898207
4.974827 4.674172
-22.856257 0.961916
-2.103494 1.031116
1.056465 2.039405
50.832117 -41.867059
-5.666854 -0.939352
-0.755169 -3.392480
2.043357 2.798544
-5.082736 -8.437845
-2.471168 -0.921688
0.666841 3.104246
-0.803045 2.435287
0.102602 0.046602
-0.056982 -0.190480
0.381447 -0.761420
-2.936717 0.710335
-0.256350 1.105929
1.089079 3.487823
-2.236051 0.763638
-2.507428 0.556091
-7.401641 0.685474
2.044637 0.884181
-1.019274 -3.860068
47.610332 -1.074952
8.809821 5.735615
2.534881 11.621058
-0.105386 -1.441050
22.610339 0.538678
0.787882 0.104897
-2.690892 -0.772020
5.857127 -2.641836
0.176014 -0.295489
-2.903018 0.325047
0.325547 1.450453
0.823795 -2.146643
0.338753 -0.050118
3.401751 -3.873681
-1.266109 -0.266433
-3.446912 0.039955
0.904357 -0.899799
1.588655 3.736320
-1.370887 0.774403
5.899576 11.605839
3.768087 3.549315
1.446263 5.107596
2.542318 -5.202681
28.888278 11.664193
6.246626 8.151656
-6.157490 0.739508
-2.429676 -2.288737
1.468092 7.635759
1.676009 -0.872074
-5.073194 -7.420264
6.490478 14.792072
6.008510 2.987267
2.167068 9.647351
-2.919815 -3.638719
-47.620598 2.375209
1.005345 -4.912487
1.919770 1.935510
20.691422 2.999528
-0.273530 -3.223968
3.821162 3.321385
0.951004 0.942414
-0.174632 -7.890816
1.556684 1.865062
5.863793 16.231651
-1.756828 -3.302827
2.065540 0.171776
1.970847 1.696458
2.275954 1.020347
-0.015471 -2.966541
-7.508389 2.693670
0.999112 0.652533
1.154336 7.696625
0.449281 -2.279303
0.304820 0.765271
-1.623468 -2.774172
0.623125 2.497823
6.267708 1.846103
-54.742980 -0.964861
0.481522 -1.650773
0.191606 0.126407
-0.218324 1.359186
7.341954 -1.550519
4.487956 0.975830
4.100620 1.025766
-0.927026 0.201794
9.035951 -1.634344
2.545130 0.795290
-0.665096 -4.936416
0.967531 3.061655
0.305726 2.581981
12.312519 23.454315
5.046227 2.125993
-2.646483 -5.854478
3.635503 2.099234
1.974953 2.584074
-1.189408 -0.801665
0.209730 0.002279
-4.439467 -1.356281
-0.876642 -2.539027
-1.384022 -0.633732
-4.838059 -5.943209
-0.808165 -0.402310
-3.097688 -0.232275
-8.791775 -0.752403
2.148137 2.505113
0.147182 -0.150031
-1.581686 -3.341685
21.488187 -2.695507
-0.535237 -1.262961
-1.187323 -0.649032
-3.656499 -0.461521
3.189910 1.460829
2.637104 2.901269
-0.079147 2.540311
-0.372182 0.087447
-26.211611 3.327441
4.655335 2.697897
0.271541 0.393466
2.335918 7.327491
-4.024095 -1.313834
-5.447354 -8.838034
-1.281647 -3.893091
0.281198 -2.533462
-0.524602 2.124600
1.128503 -3.129863
-1.605362 -1.579216
-2.967550 -3.010130
6.180327 0.365760
-6.314892 -7.071281
-1.898686 0.430877
-0.179704 2.551735
1.693269 0.077458
4.386268 1.049999
0.434925 -0.417919
-0.201003 -3.204708
14.261084 19.815326
-0.525012 0.146147
0.898383 0.475890
-3.712802 -4.675061
-0.852257 -2.762245
-1.869042 -0.448224
-9.315712 -2.179015
3.503076 -1.898149
1.645044 -2.684086
-5.471099 -7.548325
-14.232840 -1.582801
4.767827 0.725933
-8.750469 -1.027178
0.701915 -0.203436
-1.157608 0.129156
-4.228652 -4.456511
-26.197497 -0.193725
-5.613762 -17.111934
-3.374969 -0.895980
-2.226268 -6.736962
2.205265 3.148705
-0.379792 -1.079828
-2.491556 -1.694735
0.575132 -0.252157
-2.732549 -0.907177
-0.843048 -0.414825
-2.060099 0.523450
-2.306742 -2.102091
-2.334995 -0.327776
1.407355 1.587870
0.747578 0.175443
-1.001169 -2.028041
-6.466559 -1.965955
2.988440 -0.386682
-3.567848 0.348335
-2.867025 -1.367853
2.158081 -0.550393
-4.602848 1.519349
-2.941773 0.918239
-0.406185 -6.471984
-0.483369 -2.555196
1.003592 -0.157932
-1.167825 -0.657549
0.750834 1.180531
2.753229 3.453547
-3.351339 -2.237252
-0.027473 -0.550335
0.436139 -2.880270
-0.496156 -1.388158
-0.252187 -0.788853
1.639042 -1.897191
5.474709 -0.274693
2.903469 4.382066
6.483306 -0.274318
-3.636746 -1.312939
-7.301039 -10.108417
6.118553 6.586658
-1.840267 -3.085935
-3.471359 0.687279
-1.127988 1.358508
-5.876894 -0.228988
111.664691 4.307793
7.067630 2.971623
5.312920 1.842339
-0.496848 -3.330011
-0.339706 -0.356793
-2.983659 2.417897
5.424899 10.829460
3.463019 0.445900
-0.009475 -0.069671
-0.496237 -0.692480
0.419682 -0.137627
7.831115 -8.814128
2.287754 0.171871
-2.299061 -0.389782
-2.622986 -0.842923
-10.302228 -8.242852
-0.278541 2.577203
-3.622001 -1.686727
5.963836 0.623656
-2.716645 0.769145
-3.797738 -2.819395
-2.071677 -0.626997
4.394341 1.432094
-4.494049 -4.832478
-1.436187 -2.638592
-0.280734 5.502420
1.120465 -0.217316
1.217622 -1.656747
1.108324 -2.802106
-1.734064 -3.631673
-0.449111 2.418630
4.722856 -2.214495
-10.389728 1.696353
12.218243 1.118226
-4.465149 -1.072311
-3.729420 -5.744077
3.821441 9.325387
-5.056400 -6.781863
-4.552973 -0.418273
0.706183 0.694866
1.756589 1.515832
-2.716535 -6.587568
-0.017601 1.282986
1.003797 -0.368773
2.567138 4.027881
1.663116 -1.737870
-5.318599 -6.661857
-3.955621 -0.081954
-0.951928 0.549495
-3.682829 -6.401344
0.595570 6.790428
5.334727 0.635404
12.682686 2.494969
-5.764946 -6.236602
1.759383 0.419405
0.510755 2.149933
1.004352 -1.373269
0.809587 -1.420112
-0.789762 -3.107198
1.210179 -7.657733
8.537643 9.855733
1.504091 2.786373
0.336031 0.355995
-2.539342 -4.107209
-18.584228 1.785357
-29.673312 -10.479330
-3.593777 -5.274694
11.744381 -1.854941
-2.805319 -0.447205
-0.713099 -0.018808
0.046481 -1.486798
4.834478 1.857739
4.118100 3.911394
-216.068349 -0.672841
-3.701088 -3.458287
2.963335 -0.097061
-1.043710 -1.627720
-2.303602 -0.660142
-0.272576 2.016437
-0.939163 -0.024266
-0.357728 0.218530
1.957514 3.937622
-2.452840 -1.461968
4.606488 1.345700
-2.217668 -0.576680
0.754494 3.424822
-1.605974 -1.724229
-6.630884 3.032531
-2.367040 -7.044259
-0.397450 -0.501679
-0.615407 -1.808230
1.799920 1.870371
4.348389 4.156968
-0.279781 1.056573
1.964469 0.600781
0.775249 1.640212
-2.942276 -0.821608
-4.873065 -9.421808
0.287877 0.897545
