0.079179 0.079329 
3.181457 3.187365 
-0.146514 -0.146782 
-0.353043 -0.353702 
0.031007 0.031075 
-0.085500 -0.085652 
0.286983 0.287525 
0.549846 0.550860 
-0.165476 -0.165774 
0.281051 0.281576 
0.124374 0.124595 
0.098806 0.098984 
-0.054694 -0.054801 
-0.195225 -0.195688 
0.030449 0.030507 
0.513812 0.514768 
0.116893 0.117109 
-0.282435 -0.282958 
0.011338 0.011364 
-0.043123 -0.043207 
-0.353738 -0.354394 
-0.109150 -0.109354 
0.240413 0.240866 
-1.261365 -1.263705 
-0.271030 -0.271534 
-0.067238 -0.067358 
-0.017439 -0.017507 
0.072067 0.072197 
0.031803 0.031856 
1.517384 1.520209 
-0.198805 -0.199182 
0.143587 0.143843 
-0.087150 -0.087308 
-0.151609 -0.151908 
-0.558565 -0.559609 
-0.048395 -0.048457 
0.029550 0.029602 
0.018859 0.018901 
-0.170177 -0.170489 
0.026312 0.026339 
-0.074119 -0.074263 
1.079688 1.081702 
0.022290 0.022339 
0.016253 0.016287 
-0.271625 -0.272132 
0.103791 0.103967 
0.297405 0.297956 
0.533327 0.534307 
0.092478 0.092643 
-0.053652 -0.053744 
0.338801 0.339439 
0.343193 0.343833 
0.392500 0.393234 
0.253455 0.253929 
0.071039 0.071175 
-0.108715 -0.108912 
0.065287 0.065409 
0.419529 0.420308 
0.003373 0.003372 
0.114128 0.114319 
0.032886 0.032955 
0.105838 0.106051 
-0.374437 -0.375136 
-0.094883 -0.095058 
0.013624 0.013687 
0.051666 0.051765 
0.362672 0.363388 
0.193051 0.193410 
0.341867 0.342495 
0.792932 0.794412 
-0.059807 -0.059919 
0.158559 0.158856 
-0.273186 -0.273773 
0.227113 0.227537 
-0.117417 -0.117681 
0.000352 0.000353 
-0.087780 -0.087941 
-1.010823 -1.012711 
0.241186 0.241633 
0.073313 0.073434 
-0.091018 -0.091171 
0.237970 0.238439 
-0.411765 -0.412530 
-1.130969 -1.133085 
0.179887 0.180225 
-0.510452 -0.511412 
-0.016333 -0.016306 
-0.092325 -0.092504 
0.272383 0.272881 
-0.492986 -0.493970 
0.112598 0.112799 
-0.612329 -0.613482 
-0.389400 -0.390116 
-0.025660 -0.025718 
-0.361251 -0.361921 
-0.987584 -0.989426 
-0.240761 -0.241182 
0.176716 0.177045 
-0.288873 -0.289412 
-0.438227 -0.244952 
-1.045620 -1.047563 
0.011640 0.011676 
0.385353 0.386072 
-0.739328 -0.740698 
0.350980 0.351636 
0.163092 0.163403 
0.046534 0.046600 
-0.480465 -0.481352 
0.093218 0.093392 
-0.848600 -0.850184 
0.090448 0.090613 
0.020105 0.020147 
-0.008550 -0.008551 
0.103941 0.104115 
-0.482676 -0.483602 
5.376335 5.386324 
0.072171 0.072304 
0.156982 0.157278 
-0.067943 -0.068111 
-0.178478 -0.178791 
-0.201655 -0.202063 
-0.267554 -0.268051 
-0.193385 -0.193736 
0.006698 0.006711 
-0.001448 -0.001448 
-0.757759 -0.759187 
-0.152538 -0.152772 
1.537597 1.540436 
-0.113847 -0.114071 
0.204525 0.082704 
1.636353 1.639399 
0.121743 0.121971 
-0.289873 -0.290416 
0.030485 0.030542 
0.039744 0.039817 
0.111225 0.111446 
0.081838 0.081996 
0.015722 0.015734 
-0.356096 -0.356735 
0.090127 0.090304 
-0.207147 -0.207539 
-1.322741 -1.325204 
0.802240 0.803733 
-0.052330 -0.052452 
0.222330 0.222740 
0.031667 0.031732 
0.305884 0.306445 
0.201635 0.202008 
-0.019550 -0.019594 
0.090276 0.090449 
-0.029450 -0.029499 
0.024135 0.024177 
-0.131329 -0.131579 
-0.145572 -0.145859 
-1.243480 -1.245782 
0.090764 0.090934 
0.017393 0.017418 
-0.046693 -0.046759 
0.231442 0.231874 
0.116059 0.116315 
-0.062675 -0.062790 
0.469175 0.470026 
-0.046815 -0.046913 
-0.013952 -0.013984 
0.232554 0.232977 
0.124156 0.124383 
-0.057120 -0.057229 
0.110631 0.110828 
-0.248622 -0.249087 
0.001291 0.001283 
-0.162264 -0.162572 
1.424680 1.427332 
-0.129153 -0.129419 
0.256899 0.257377 
-0.709837 -0.711143 
0.051631 0.051733 
0.511485 0.512440 
-0.153892 -0.154184 
0.077704 0.077847 
-0.072758 -0.072902 
-0.002423 -0.002409 
-1.283034 -1.285399 
-0.260101 -0.260588 
-0.375680 -0.376377 
0.430723 0.431499 
-0.197227 -0.197592 
2.054559 2.058340 
0.099510 0.099690 
0.320334 0.320928 
-0.057367 -0.057465 
-0.064348 -0.064499 
0.009702 0.009717 
-0.012373 -0.012387 
-0.113721 -0.113919 
0.112860 0.113070 
0.205715 0.206089 
-0.046603 -0.046680 
0.326506 0.327165 
-0.185317 -0.187684 
0.046197 0.046295 
0.670413 0.671616 
-0.065882 -0.066019 
-0.037481 -0.037542 
0.244772 0.245230 
0.218376 0.218779 
0.500095 0.501030 
-0.031916 -0.031976 
0.277265 0.277783 
0.443786 0.444599 
0.044273 0.044361 
-0.085831 -0.085995 
-0.067589 -0.067731 
0.465847 0.466725 
0.279713 0.280223 
-4.402271 -4.410474 
0.168810 0.169113 
0.276156 0.276659 
-0.167149 -0.167456 
0.044417 0.044492 
-0.458031 -0.458878 
-0.121770 -0.121997 
0.266744 0.267235 
0.019332 0.019368 
-0.163763 -0.164065 
-0.125484 -0.125719 
1.161397 1.163552 
-0.091145 -0.091307 
0.291731 0.292285 
0.393247 0.393951 
-0.506393 -0.507294 
0.048173 0.048275 
0.265667 0.266170 
0.283391 0.283942 
-0.131939 -0.132188 
-0.064679 -0.064796 
1.746399 1.749635 
0.957694 0.959461 
-0.508063 -0.509010 
-0.025090 -0.025150 
0.023868 0.023913 
-0.574483 -0.575568 
0.005311 0.005321 
-0.031761 -0.031835 
-1.847295 -1.850727 
-0.031468 -0.031531 
-0.225998 -0.226421 
0.086416 0.086579 
0.020416 0.020454 
-1.519192 -1.522023 
-0.127905 -0.128134 
-1.194292 -1.196497 
-4.250517 -4.258416 
-0.019801 -0.019843 
-0.005224 -0.005229 
-0.320421 -0.321010 
-0.134989 -0.135254 
0.374170 0.374869 
0.028494 0.028553 
-0.034798 -0.034865 
0.225238 0.225668 
0.934418 0.936145 
-0.637510 -0.638704 
0.553043 0.554060 
0.008727 0.008742 
-0.018286 -0.018311 
0.231808 0.232264 
0.100771 0.100954 
-0.026255 -0.026305 
0.312668 0.313246 
0.024405 0.060602 
0.019766 0.019782 
0.119951 0.120167 
-0.015591 -0.015613 
-0.360254 -0.360925 
-0.080179 -0.080335 
0.181231 0.181570 
-0.204386 -0.204754 
-0.130775 -0.131036 
0.310260 0.310821 
-0.822702 -0.824231 
-0.009694 -0.009729 
-0.015191 -0.015219 
-0.261011 -0.261538 
-0.108474 -0.108694 
0.092674 0.092870 
0.145765 0.146047 
-0.023955 -0.024009 
-0.165069 -0.165387 
-0.069252 -0.069370 
1.421697 1.424353 
-0.851415 -0.853059 
0.012245 0.012265 
0.374955 0.375663 
-1.073588 -1.075600 
0.034186 0.034245 
0.042781 0.042864 
0.094475 0.094645 
0.056860 0.056994 
-0.318159 -0.318746 
0.042279 0.042361 
0.188857 0.189210 
-0.093081 -0.093272 
0.186151 0.186500 
0.027456 0.027503 
-0.152044 -0.152324 
1.646908 1.649973 
-0.011117 -0.011140 
-0.048131 -0.048226 
0.093041 0.093216 
-0.257302 -0.257790 
0.403571 0.404321 
-0.126943 -0.127176 
0.340005 0.340624 
-0.152813 -0.153099 
0.121633 0.121862 
-0.152432 -0.152818 
0.056000 0.056103 
0.079140 0.079293 
0.230211 0.230640 
0.247857 0.248320 
-0.123805 -0.124039 
-0.090750 -0.091107 
0.287544 0.288087 
0.004657 0.004615 
0.051643 0.051731 
0.099821 0.100003 
-0.077110 -0.077246 
0.272773 0.273261 
-0.051523 -0.051616 
-0.035990 -0.036080 
-0.343399 -0.344037 
-0.904521 -0.906336 
-0.029088 -0.029136 
-0.153180 -0.153480 
0.244149 0.244603 
-0.163241 -0.163534 
-0.096904 -0.097088 
-1.326364 -1.328825 
-0.013063 -0.013083 
-0.017694 -0.017727 
-0.202185 -0.202600 
0.053618 0.053759 
0.227392 0.227819 
-0.411939 -0.412713 
0.022820 0.022859 
0.236931 0.237388 
-0.115587 -0.115800 
-0.147377 -0.147650 
-0.190512 -0.190861 
-0.670048 -0.671292 
0.363863 0.364542 
0.090283 0.090447 
-0.245302 -0.245759 
-0.633721 -0.634879 
-0.398668 -0.399416 
-0.152572 -0.152854 
-0.302725 -0.303295 
0.034910 0.034965 
0.101851 0.102043 
0.217659 0.218064 
-0.149601 -0.149889 
-0.010657 -0.010678 
-0.021841 -0.021881 
0.532918 0.534134 
0.158489 0.158772 
-0.476960 -0.477957 
0.135767 0.136016 
0.130166 0.130404 
-0.003904 -0.003902 
-1.590138 -1.593094 
-0.638047 -0.639229 
0.271391 0.271898 
0.006123 0.006129 
-0.594292 -0.595402 
0.114757 0.114978 
0.153998 0.154291 
-0.676638 -0.678214 
-0.129471 -0.129713 
-0.079090 -0.079245 
0.297953 0.298507 
8.068936 8.083923 
-0.003372 -0.003387 
-0.017557 -0.017599 
-0.069808 -0.069937 
0.179890 0.180242 
-0.896438 -0.898108 
-0.195902 -0.196273 
-0.352035 -0.352687 
-0.037597 -0.037659 
0.001381 0.001385 
0.147931 0.148202 
-0.789366 -0.790830 
-15.335773 -15.364258 
0.019112 0.019145 
0.098814 0.099058 
-0.001004 -0.001010 
0.245955 0.246409 
0.595160 0.596270 
0.155102 0.155391 
-0.371572 -0.372268 
-0.151605 -0.151947 
-1.589887 -1.592841 
-0.043556 -0.043640 
-0.431045 -0.431860 
0.060430 0.060542 
0.138554 0.138820 
-1.093912 -1.095945 
-0.407007 -0.407766 
-0.098782 -0.098964 
0.108808 0.109011 
-0.264981 -0.265481 
-0.587278 -0.588388 
0.521460 -0.047491 
0.567802 0.568856 
-0.040025 -0.040107 
-0.415008 -0.415791 
-0.338622 -0.339253 
1.692687 0.346308 
1.343642 1.347012 
-0.225839 -0.226259 
0.120090 0.120323 
0.170763 0.171090 
-0.194870 -0.195275 
-0.126375 -0.126617 
0.164493 0.164807 
0.077158 0.077302 
0.022365 0.022401 
-0.164727 -0.165029 
0.008248 0.008246 
0.094758 0.094926 
0.141291 0.141531 
0.327395 0.328000 
-0.155477 -0.155761 
0.150793 0.151081 
-0.594250 -0.595357 
-0.607259 -0.608407 
-1.156123 -1.158275 
0.482774 0.483664 
-0.185946 -0.186259 
-0.017671 -0.017695 
-0.635763 -0.636935 
0.034803 0.034866 
-0.099997 -0.100181 
0.152606 0.152903 
0.532380 0.533367 
0.079326 0.079482 
0.157566 0.157860 
-0.016257 -0.016287 
-0.045227 -0.045300 
-0.220457 -0.220878 
-0.238286 -0.238705 
0.104442 0.104631 
0.032537 0.032590 
0.170520 0.170827 
0.373298 0.373983 
-0.056863 -0.056977 
0.266120 0.266624 
0.006125 0.006141 
-0.244639 -0.245092 
0.354079 0.354725 
0.864465 0.866066 
0.052622 0.052722 
-0.020644 -0.020669 
0.098259 0.098437 
0.235575 0.236017 
-0.627422 -0.628589 
-0.041295 -0.041369 
0.238964 0.239392 
-0.199213 -0.199585 
-0.191062 -0.191418 
-0.294252 -0.294809 
-0.039105 -0.039177 
0.213970 0.214363 
-0.037129 -0.037209 
-0.222141 -0.222553 
0.190882 0.191260 
-0.792700 -0.794179 
0.103319 0.103491 
-0.026119 -0.026167 
0.049232 0.049317 
0.103627 0.103835 
0.024109 0.024151 
0.018813 0.018840 
-0.257776 -0.258245 
-0.005247 -0.005261 
-0.110911 -0.111120 
-0.512028 -0.512965 
0.119919 0.120149 
0.131814 0.132089 
0.495307 0.496245 
-0.040385 -0.040464 
0.445440 0.446275 
-1.936133 -1.939729 
0.164902 0.165216 
0.069197 0.069321 
0.020430 0.020468 
0.076892 0.077051 
0.104535 0.104721 
-0.253944 -0.254424 
-0.115695 -0.115901 
0.318013 0.318645 
0.183439 0.183777 
-1.329482 -1.331949 
2.570299 2.575030 
-0.148461 -0.148747 
0.097109 0.097292 
-0.037735 -0.037805 
-0.161334 -0.161623 
-0.243577 -0.244029 
-0.032329 -0.032395 
-0.179000 -0.179331 
0.328360 0.328972 
-0.002984 -0.002986 
0.035288 0.035319 
0.031529 0.031619 
0.345728 0.346372 
0.061598 0.061720 
0.015068 0.015108 
0.260961 0.261450 
-0.043829 -0.043908 
0.142874 0.143170 
-0.238838 -0.239278 
-0.318943 -0.319537 
-0.102071 -0.102268 
-16.877728 -16.909083 
-0.177623 -0.177965 
-0.358705 -0.359366 
-0.145504 -0.145778 
-0.212695 -0.213168 
0.058080 0.058205 
-0.461054 -0.462021 
-0.116844 -0.117067 
-0.076864 -0.077013 
0.049370 0.049453 
-0.064297 -0.064419 
0.504640 0.505574 
-0.522570 -0.523652 
0.188106 0.188440 
0.627817 0.628987 
0.067447 0.067591 
0.089964 0.033138 
-0.268955 -0.269461 
0.445546 0.446392 
0.766458 0.767885 
-0.360523 -0.361191 
0.276794 0.277308 
0.021454 0.021481 
-0.028082 -0.028136 
2.251489 2.255668 
0.098342 0.098530 
-2.111982 -2.115901 
0.237967 0.238424 
-0.039899 -0.039979 
-0.128353 -0.128562 
-0.107027 -0.107229 
-0.120991 -0.121217 
0.001090 0.001088 
0.100132 0.100316 
0.154239 0.154529 
-0.067196 -0.067316 
-0.592826 -0.593910 
-0.341262 -0.341897 
0.033510 0.033569 
-0.177449 -0.177815 
0.305602 0.306169 
-0.028851 -0.028914 
-0.018987 -0.019025 
-0.024997 -0.025047 
-0.140391 -0.140656 
-0.569147 -0.570203 
-0.006662 -0.006660 
0.074152 0.074304 
-3.362906 -3.369298 
-0.016965 -0.016997 
0.363774 0.364461 
0.004757 0.004775 
0.014370 0.014422 
-0.900150 -0.901819 
0.176936 0.177258 
-0.018754 -0.018698 
-0.170382 -0.170701 
-0.257516 -0.257990 
0.261959 0.262443 
-0.999376 -1.001250 
0.071620 0.071738 
-0.467465 -0.468325 
0.019194 0.019228 
-0.128501 -0.128736 
0.281009 0.281528 
0.171656 0.171966 
-0.219872 -0.220296 
-0.224654 -0.225085 
-0.265368 -0.265884 
-0.020470 -0.020539 
-0.204782 -0.205184 
0.053320 0.053428 
0.130968 0.131210 
-0.036325 -0.036393 
-0.639710 -0.640897 
-0.023172 -0.023210 
0.096825 0.097004 
-0.429528 -0.430341 
0.191190 0.191563 
-0.313926 -0.314503 
0.212027 0.212427 
0.115071 0.115283 
0.288039 0.288597 
0.041800 0.041905 
0.051640 0.051742 
0.012937 0.012968 
0.454471 0.455311 
-0.096378 -0.096687 
-0.181636 -0.181980 
0.134332 0.134583 
0.179446 0.179803 
-0.288815 -0.289343 
0.212044 0.212437 
-0.975088 -0.976881 
0.217709 0.218100 
-0.164713 -0.165020 
-0.014635 -0.014660 
0.038709 0.038768 
0.151414 0.151682 
0.113749 0.113975 
-0.164352 -0.164654 
-0.155679 -0.155965 
0.018612 0.018640 
0.111864 0.112073 
-1.283204 -1.285590 
0.606946 0.608095 
-0.506697 -0.507628 
0.622087 0.623256 
0.126514 0.126717 
-0.041115 -0.041194 
0.025001 0.025050 
0.201322 0.201717 
-0.109198 -0.109399 
0.475896 0.476769 
0.005243 0.005191 
0.149007 0.149294 
0.154400 0.154688 
0.223498 0.223921 
-0.217166 -0.217573 
-0.571672 -0.572740 
-0.076242 -0.076373 
0.739766 0.741127 
1.205242 1.207486 
0.186362 0.186714 
-0.411767 -0.412532 
-0.273272 -0.273780 
-0.066282 -0.066396 
0.109647 0.109851 
-0.060755 -0.060877 
-0.311660 -0.312234 
1.588984 1.591958 
-0.023927 -0.023884 
0.554330 0.555355 
0.106443 0.106635 
0.135160 0.135416 
0.806840 0.808339 
-0.099171 -0.099354 
0.097522 0.097696 
0.221533 0.221937 
0.294219 0.294775 
0.066607 0.066735 
-0.034656 -0.034724 
-0.079063 -0.079196 
0.219068 0.219473 
0.090120 0.090334 
0.205963 0.206342 
0.060499 0.060609 
0.162867 0.163166 
0.020085 0.020123 
0.063708 0.063816 
0.164479 0.164788 
0.345869 0.346506 
1.085818 1.087837 
-0.074999 -0.075134 
0.121791 0.122016 
0.231462 0.231895 
-0.028737 -0.028790 
-0.088735 -0.088905 
0.199167 0.199543 
0.347589 0.348235 
-0.449901 -0.450739 
-0.215189 -0.215587 
-0.827275 -0.828815 
-0.098970 -0.099146 
0.064482 0.064601 
0.025984 0.026032 
1.012798 1.015109 
-0.699822 -0.701117 
-0.183910 -0.184242 
-0.039612 -0.039679 
0.199172 0.199546 
0.116264 0.116462 
0.699472 0.700772 
-0.061657 -0.061774 
-0.199317 -0.199689 
0.102637 0.102822 
-1.633934 -1.636964 
-0.181489 -0.181825 
-0.008428 -0.008445 
1.054102 1.056055 
-0.176333 -0.176657 
-0.197967 -0.198330 
0.481287 0.482183 
2.291280 2.295545 
-0.383715 -0.384423 
-0.002150 -0.002152 
-0.004575 -0.004602 
-0.147011 -0.147279 
1.062941 1.064913 
0.077174 0.077317 
-0.220473 -0.220882 
-0.077375 -0.077510 
0.167911 0.168216 
0.489224 0.490138 
-0.489748 -0.490659 
-0.028614 -0.028671 
1.523787 1.527540 
0.192488 0.192843 
0.051583 0.051670 
-0.029901 -0.029949 
-0.054996 -0.055102 
-0.122393 -0.122610 
-0.726051 -0.727395 
-0.075342 -0.075488 
-0.208625 -0.209015 
-0.061324 -0.061432 
0.212710 0.213095 
1.016174 1.018081 
0.495884 0.496811 
-0.306207 -0.306776 
0.377614 0.378315 
-0.351094 -0.351765 
-0.226226 -0.226650 
-1.359878 -1.362406 
0.000313 0.000318 
-0.545559 -0.546576 
0.544904 0.545909 
-0.329116 -0.329763 
0.026385 0.026425 
0.021309 0.021329 
0.087908 0.088070 
0.169583 0.169900 
-0.093345 -0.093515 
0.143576 0.143847 
-0.137775 -0.138000 
0.258623 0.259154 
0.145136 0.145407 
0.664632 0.665869 
-0.131262 -0.131522 
0.099165 0.099356 
0.169879 0.170191 
0.328278 0.328895 
-0.095795 -0.095959 
0.063658 0.063783 
-0.039258 -0.039331 
-0.016069 -0.016100 
0.086812 0.086970 
-0.073948 -0.074093 
0.436240 0.437052 
0.000621 0.000620 
-0.096749 -0.096927 
-0.012663 -0.012670 
1.313369 1.315814 
-0.117470 -0.117690 
0.096549 0.096726 
0.128597 0.128849 
0.105674 0.105881 
0.099139 0.099329 
-0.655652 -0.656867 
0.197462 0.197879 
0.108240 0.108436 
0.129806 0.130079 
-0.017783 -0.017825 
0.051037 0.051132 
-0.380093 -0.380789 
-0.261955 -0.262455 
0.011095 0.011100 
0.035125 0.035197 
-0.001620 -0.001611 
0.067552 0.067681 
-0.237826 -0.238306 
-0.276764 -0.277260 
-0.021026 -0.021067 
-0.131122 -0.131367 
0.799603 0.801093 
0.286442 0.286993 
-0.039466 -0.039525 
-0.591457 -0.592566 
0.054801 0.054901 
0.517792 0.518758 
-0.115322 -0.115546 
0.167472 0.167805 
-0.397849 -0.398592 
0.395352 0.396072 
-0.195457 -0.195812 
0.266944 0.267436 
0.047356 0.047449 
-0.093170 -0.093344 
-0.180175 -0.180513 
-1.614106 -1.617114 
-0.249344 -0.249808 
0.314922 0.315496 
-0.135421 -0.135668 
0.071961 0.072088 
-0.169600 -0.169919 
-0.171720 -0.172039 
0.282419 0.282965 
0.258793 0.259288 
0.462234 0.463096 
-1.473351 -1.476078 
0.133525 0.133775 
0.615175 0.616312 
-0.128577 -0.128817 
2.582228 2.587024 
-0.064532 -0.064569 
0.119563 0.119756 
0.056574 0.056672 
0.045211 0.045288 
-0.091134 -0.091309 
-0.339892 -0.340526 
0.115979 0.116206 
-0.091588 -0.091755 
-0.723958 -0.725295 
-0.026948 -0.027001 
0.110680 0.110886 
0.013226 0.013270 
-0.095547 -0.095731 
-1.835125 -1.838538 
0.087149 0.087313 
0.503771 0.504710 
-0.281129 -0.281662 
0.127858 0.128092 
1.442938 1.445625 
-0.101058 -0.101251 
0.293931 0.294479 
0.833217 0.834765 
-0.226756 -0.227176 
-0.540610 -0.541634 
-0.009066 -0.009087 
-0.059543 -0.059642 
-0.002459 -0.002464 
-0.057207 -0.057322 
-0.158179 -0.158479 
2.978452 2.983991 
-0.001466 -0.001468 
0.137040 0.137286 
-0.165981 -0.166285 
0.174054 0.174388 
0.105330 0.105525 
-0.334140 -0.334761 
-0.017115 -0.017160 
0.083774 0.083942 
0.113991 0.114204 
0.486222 0.487154 
0.125148 0.125387 
-0.077853 -0.077992 
-0.420361 -0.421149 
-0.022618 -0.022665 
0.583959 0.585028 
0.170171 0.170481 
0.088628 0.088793 
0.114394 0.114592 
0.400147 0.400882 
2.714313 2.719351 
0.054763 0.054868 
-0.133842 -0.134100 
-0.142606 -0.142871 
-0.016140 -0.016179 
-0.228279 -0.228704 
-0.021984 -0.022023 
-0.216350 -0.216761 
0.398648 0.399386 
-0.175477 -0.175796 
0.135986 0.136239 
-0.071641 -0.071743 
1.091529 1.093560 
-0.009753 -0.009764 
0.132667 0.132931 
-0.535768 -0.536760 
0.452919 0.453767 
0.097497 0.097681 
-0.030385 -0.030439 
-0.012047 -0.012073 
1.439691 1.442629 
0.107214 0.107401 
0.381372 0.382133 
0.123432 0.123663 
-0.129433 -0.129676 
1.290890 1.293276 
0.072439 0.072576 
0.099042 0.099290 
0.162813 0.163120 
-0.559077 -0.560117 
-0.401883 -0.402635 
-0.336596 -0.337224 
0.154989 0.155269 
-0.126496 -0.126729 
0.343136 0.343768 
0.252298 0.252744 
-0.119874 -0.120106 
0.188437 0.188789 
0.227004 0.227420 
-0.112136 -0.112347 
0.139000 0.139233 
-0.024251 -0.024310 
0.034588 0.034662 
-0.052079 -0.052178 
0.044624 0.044711 
-0.019727 -0.019759 
-0.097144 -0.097323 
0.431675 0.432477 
0.403457 0.404206 
0.045270 0.045355 
-0.091959 -0.092200 
-0.163314 -0.163622 
0.416008 0.416789 
0.157737 0.158047 
6.338208 6.349949 
-0.319103 -0.319766 
-0.012917 -0.012924 
0.217171 0.217575 
0.051501 0.051593 
0.460267 0.461131 
-0.012104 -0.012119 
0.188233 0.188586 
-0.179311 -0.179598 
-0.155678 -0.155978 
0.003890 0.003883 
0.104471 0.104671 
0.007566 0.007548 
-0.075146 -0.075366 
-0.176834 -0.177158 
-0.040183 -0.040257 
-0.072305 -0.072440 
0.037182 0.037251 
-0.207527 -0.207914 
-0.041369 -0.041449 
-0.547900 -0.548905 
0.010222 0.010237 
0.083213 0.083366 
-0.050722 -0.050795 
0.234536 0.234985 
0.170329 0.170640 
-0.175509 -0.175835 
0.058971 0.059091 
-0.318782 -0.319353 
0.051575 0.051617 
0.030188 0.030249 
-0.068350 -0.068481 
-0.513516 -0.514468 
-0.024910 -0.024953 
0.270550 0.271063 
-0.038713 -0.038795 
-0.062077 -0.062164 
0.380583 0.381295 
0.473382 0.474259 
-0.206701 -0.207119 
0.154100 0.154378 
0.614980 0.616117 
-0.119378 -0.119569 
-0.508007 -0.508958 
0.651126 0.652345 
-0.280634 -0.281160 
-0.080921 -0.081079 
-0.104764 -0.104959 
0.270410 0.270910 
0.438303 0.439113 
-0.023365 -0.023428 
0.070876 0.070993 
-0.096918 -0.097094 
-0.069779 -0.069910 
-0.113814 -0.114033 
0.251680 0.252147 
5.699963 5.710561 
-0.385908 -0.386622 
-0.234754 -0.235195 
-0.240709 -0.241150 
-0.300462 -0.301021 
-0.000777 -0.000790 
-1.269370 -1.271718 
-0.033313 -0.033367 
0.041233 0.041422 
-0.435223 -0.436031 
0.260793 0.261312 
-0.087521 -0.087678 
0.707071 0.708390 
-0.190575 -0.190897 
0.214163 0.214559 
0.199485 0.199850 
-0.226495 -0.226912 
-0.213918 -0.214335 
-0.126144 -0.126389 
-0.287654 -0.288178 
-0.054933 -0.055043 
-0.906796 -0.908472 
-0.050800 -0.050913 
-0.234002 -0.234433 
0.084648 0.084819 
0.242798 0.243244 
0.252475 0.252948 
-0.070159 -0.070292 
-0.044798 -0.044894 
0.017374 0.017406 
-0.080897 -0.081045 
0.441072 0.441901 
0.081185 0.081327 
-0.129403 -0.129646 
0.170419 0.170723 
0.134972 0.135213 
0.276093 0.276611 
-0.051694 -0.051789 
-0.255683 -0.256183 
-0.254265 -0.254746 
-0.061278 -0.061383 
-0.095342 -0.095521 
0.002377 0.002387 
-0.136326 -0.136580 
-0.022522 -0.022579 
0.009157 0.009180 
-0.151774 -0.152058 
0.503838 0.504770 
0.872367 0.873978 
0.184254 0.184621 
0.182183 0.182520 
0.108602 0.108802 
0.041571 0.041634 
-0.398586 -0.399297 
-0.025350 -0.025382 
0.045828 0.045908 
0.016642 0.016670 
-0.033745 -0.033811 
-0.937132 -0.938881 
0.217309 0.217709 
-0.187394 -0.187734 
0.023484 0.023542 
-0.026727 -0.026755 
-0.405940 -0.406704 
-0.169508 -0.169824 
-0.197980 -0.198343 
0.318076 0.318674 
0.072927 0.073066 
-0.036274 -0.036338 
-0.409013 -0.409799 
-0.039104 -0.039164 
0.050549 0.050662 
0.164575 0.164892 
-0.178292 -0.178632 
-0.076820 -0.076949 
-0.037493 -0.037563 
-0.355319 -0.355981 
-0.159662 -0.159961 
0.025356 0.025421 
0.859119 0.860733 
-0.074242 -0.074382 
-0.781413 -0.782798 
0.243189 0.243642 
0.345113 0.345768 
-0.044687 -0.044799 
0.018089 0.018110 
-0.427587 -0.428382 
-0.060840 -0.060951 
0.049771 0.049865 
-0.512882 -0.513829 
0.717940 0.719242 
-0.479963 -0.480861 
-0.007931 -0.007953 
-0.088484 -0.088641 
-0.119065 -0.119285 
0.044839 0.044927 
0.123662 0.123909 
1.028473 1.030412 
0.185385 0.185738 
-0.035762 -0.035820 
-1.043420 -1.045349 
-0.099794 -0.099972 
0.269556 0.270063 
-0.887220 -0.888874 
-0.632376 -0.633565 
-0.071197 -0.071332 
-0.207103 -0.207492 
0.007542 0.007566 
-0.217537 -0.217937 
0.099372 0.099559 
0.203263 0.203700 
0.180013 0.180371 
0.168718 0.169031 
0.408693 0.409451 
0.067899 0.068050 
0.098785 0.098905 
0.014292 0.014326 
-0.305190 -0.305750 
0.037392 0.037456 
-0.405283 -0.406053 
0.532075 0.533053 
0.913393 0.915377 
0.156456 0.156743 
0.516524 0.517480 
0.082856 0.083019 
-0.206136 -0.206525 
0.171253 0.171585 
-0.101246 -0.101444 
-0.022631 -0.022681 
0.231658 0.232088 
0.794960 0.796439 
1.130914 1.133029 
-0.818088 -0.819604 
0.854345 0.855986 
0.113032 0.113235 
0.023456 0.023504 
0.144870 0.145134 
0.006080 0.006086 
-0.027230 -0.027299 
-0.343008 -0.343680 
0.080564 0.080728 
-0.153864 -0.154113 
0.293639 0.294168 
-0.227407 -0.227807 
0.067617 0.067749 
-0.002455 -0.002453 
0.031456 0.031519 
-0.173920 -0.174246 
0.204653 0.205047 
-0.053597 -0.053683 
-0.023853 -0.023899 
0.341266 0.341863 
0.715203 0.716532 
-0.016090 -0.016130 
0.019630 0.019670 
-1.002170 -1.004012 
0.486332 0.487229 
0.026987 0.027028 
0.104027 0.104221 
-0.118970 -0.119166 
0.435147 0.435950 
-0.001405 -0.001404 
0.161616 0.161925 
-0.784835 -0.786275 
-0.034507 -0.034562 
-0.316482 -0.317131 
0.667991 0.669231 
-0.464193 -0.465048 
0.188657 0.189008 
-0.551050 -0.552091 
0.082611 0.082766 
-5.420538 -5.430610 
-0.031723 -0.031779 
-0.080469 -0.082521 
-0.118596 -0.118812 
0.169879 0.170208 
0.123196 0.123419 
0.004972 0.004977 
0.001895 0.001909 
-0.118247 -0.118467 
-0.085446 -0.085599 
-0.049370 -0.049471 
-0.556260 -0.557276 
0.679235 0.680489 
-0.136882 -0.137140 
-0.214160 -0.214563 
0.216932 0.217336 
-0.040350 -0.040414 
0.208540 0.208945 
0.178106 0.178437 
-0.010498 -0.010516 
-0.263462 -0.263947 
-0.508633 -0.509576 
0.095758 0.095929 
-0.054741 -0.054829 
-0.049084 -0.049184 
0.274169 0.274685 
0.018277 0.018323 
-0.215754 -0.216143 
0.613649 0.614820 
-0.055733 -0.055840 
0.096323 0.096504 
-0.461464 -0.462339 
0.896720 0.898385 
-0.246821 -0.247294 
-1.583743 -1.586673 
0.110048 0.110250 
1.270539 1.273038 
-0.293087 -0.293628 
-0.103710 -0.103912 
-0.262861 -0.263365 
-0.042006 -0.042091 
1.288651 1.291052 
-0.628589 -0.629760 
0.231119 0.231563 
0.038968 0.039077 
0.164642 0.164944 
-0.010467 -0.010481 
0.408321 0.409081 
-0.255808 -0.256299 
0.042116 0.042199 
-0.107613 -0.107812 
0.957225 0.959003 
0.054553 0.054627 
-0.179147 -0.179519 
-0.118848 -0.119060 
0.025434 0.025483 
-0.043890 -0.043990 
-0.025712 -0.025765 
-0.041759 -0.041849 
0.096913 0.097090 
0.268031 0.268531 
-0.138974 -0.139192 
-0.118803 -0.119025 
0.270602 0.271110 
0.307396 0.307978 
-0.406378 -0.407144 
0.010347 0.010378 
0.123200 0.123425 
0.148932 0.149209 
-0.591747 -0.592848 
0.033247 0.033299 
-0.232301 -0.232723 
0.377987 0.378698 
-0.124709 -0.124929 
0.696981 0.698275 
-0.105920 -0.106122 
0.228436 0.228870 
-0.128399 -0.128632 
2.676593 2.681566 
0.677690 0.678938 
-0.083559 -0.083719 
0.005429 0.005438 
12.997196 13.021348 
0.104369 0.104576 
0.297469 0.298025 
-0.103381 -0.103574 
0.288332 0.288862 
0.203240 0.203618 
0.090854 0.091048 
-0.392434 -0.393223 
0.297241 0.297791 
0.305520 0.306096 
-0.533659 -0.534644 
-0.350105 -0.350757 
-0.180747 -0.181063 
0.123507 0.123738 
0.556939 0.557972 
-0.344935 -0.345568 
0.357901 0.358580 
2.440553 2.445087 
0.271819 0.272383 
0.124486 0.124721 
-0.118653 -0.118883 
-0.128430 -0.128666 
0.147687 0.147972 
-2.731144 -2.736207 
-0.338235 -0.338868 
-0.089228 -0.089391 
0.152726 0.153027 
0.411261 0.412027 
0.262817 0.263317 
0.112228 0.112493 
-0.110823 -0.111033 
0.204568 0.204945 
-0.035519 -0.035572 
-0.626871 -0.628023 
0.141925 0.142189 
-0.134605 -0.134853 
-0.476253 -0.477139 
-0.148826 -0.149017 
0.477867 0.478755 
-0.434231 -0.435035 
-0.406749 -0.407518 
-0.380782 -0.381561 
0.137106 0.137375 
0.007608 0.007632 
0.189511 0.189841 
-0.035933 -0.035992 
-0.410485 -0.411279 
-0.076793 -0.076943 
-0.125549 -0.125768 
0.402358 0.403088 
-0.039911 -0.040016 
-0.209321 -0.209709 
0.873522 0.875135 
-0.284197 -0.284760 
-0.187975 -0.188295 
0.065337 0.065446 
-0.025748 -0.025801 
0.100486 0.100674 
0.260365 0.260840 
-0.250759 -0.251229 
0.433854 0.434691 
-0.713529 -0.714858 
0.144320 0.144615 
-0.371101 -0.371786 
0.115281 0.115501 
3.979735 3.987136 
0.169510 0.169819 
-0.054580 -0.054681 
-0.454318 -0.455163 
0.219853 0.220267 
2.358091 2.362451 
0.104138 0.104318 
0.155688 0.156023 
-0.002546 -0.002556 
0.193053 0.193433 
-0.139559 -0.139813 
0.152013 0.152299 
-0.299259 -0.299817 
1.179792 1.181986 
-0.114009 -0.114218 
0.229944 0.230362 
-0.165797 -0.166107 
-0.152738 -0.153040 
0.071005 0.071132 
0.088726 0.088882 
0.382292 0.383010 
0.146001 0.146283 
-0.041371 -0.041447 
0.718782 0.720137 
0.078990 0.079144 
-0.040387 -0.040455 
-0.032621 -0.032691 
0.315395 0.316002 
-0.241512 -0.241962 
0.638609 0.639797 
-0.204449 -0.204844 
-0.223353 -0.223824 
0.022729 0.022769 
-0.062700 -0.062822 
-0.234953 -0.235335 
-0.331746 -0.332356 
0.060615 0.060732 
0.040644 0.040707 
0.264556 0.265048 
-0.262794 -0.263278 
0.044770 0.044857 
0.257400 0.257881 
-0.124784 -0.125076 
0.612720 0.613858 
0.198365 0.198734 
0.050866 0.050963 
-0.082566 -0.082715 
0.097857 0.098021 
-0.139597 -0.139851 
-0.476242 -0.477210 
0.097736 0.097918 
0.311141 0.311716 
0.197904 0.198266 
0.012880 0.012913 
0.452508 0.453361 
-0.196067 -0.196438 
0.552473 0.553494 
-0.242172 -0.242625 
0.487777 0.488686 
-0.049593 -0.049677 
0.081074 0.081215 
-0.208971 -0.209361 
0.080329 0.080470 
0.026116 0.026174 
-0.736631 -0.738017 
-0.417101 -0.418052 
-0.404056 -0.404811 
0.248954 0.249442 
0.000196 0.000198 
-0.095416 -0.095575 
0.081256 0.081415 
-0.327989 -0.328600 
-0.192269 -0.192646 
0.157659 0.157953 
1.002284 1.004764 
-0.019064 -0.019084 
1.159349 1.161506 
0.163574 0.163880 
-0.023533 -0.023583 
-0.539481 -0.540485 
-0.360196 -0.360863 
1.161597 1.163734 
-0.182069 -0.182407 
-0.602551 -0.603669 
-0.456299 -0.457119 
1.446429 1.449100 
0.385576 0.386295 
0.147513 0.147785 
0.270885 0.271391 
0.049926 0.050024 
-0.529621 -0.161386 
0.076484 0.076593 
0.072233 0.072357 
-0.259516 -0.259989 
-0.840479 -0.842039 
1.052766 1.054711 
-0.088155 -0.088309 
-0.259304 -0.259798 
-1.172593 -1.174762 
-0.027057 -0.027115 
0.057390 0.057495 
0.412287 0.413058 
-0.043203 -0.043271 
-0.193887 -0.194240 
0.218739 0.219153 
-0.299608 -0.300161 
0.211344 0.211731 
0.222131 0.222537 
0.359220 0.359909 
-0.692853 -0.694161 
-0.025936 -0.025988 
0.169100 0.169419 
-0.077610 -0.077939 
0.397872 0.398639 
0.031095 0.031218 
-0.092961 -0.093165 
-0.253489 -0.253971 
0.219135 0.219543 
3.536953 3.543531 
0.224566 0.225039 
-0.165270 -0.165573 
0.035985 0.036057 
0.160196 0.160482 
-0.062889 -0.063020 
-0.182104 -0.182430 
-0.153551 -0.153837 
0.250856 0.251317 
-0.379630 -0.380340 
0.436974 0.437767 
0.007753 0.007766 
0.205042 0.205417 
0.392423 0.393169 
-0.047096 -0.047186 
0.673539 0.674795 
-0.166291 -0.166699 
-0.071950 -0.072097 
-0.006166 -0.006185 
-0.127403 -0.127636 
-0.110451 -0.110632 
0.076768 0.076893 
0.029278 0.029339 
-0.059896 -0.060008 
-0.030365 -0.030500 
0.043678 0.043773 
0.088133 0.088315 
-0.016649 -0.016677 
-0.222358 -0.222771 
-0.151189 -0.151469 
-0.301300 -0.301853 
0.567268 0.568320 
0.133705 0.133948 
0.663085 0.664322 
-0.543780 -0.544794 
0.113348 0.113560 
0.071531 0.071667 
-0.435730 -0.436527 
-0.367852 -0.368527 
1.670566 1.673671 
-0.388590 -0.128925 
-0.037608 -0.037677 
6.496171 6.508236 
-0.150689 -0.150978 
0.058642 0.058759 
-0.037938 -0.038019 
0.324160 0.324765 
0.081723 0.081882 
-0.690586 -0.691906 
0.015848 0.015763 
-0.136272 -0.136550 
0.132614 0.132864 
-0.045474 -0.045555 
0.045952 0.046047 
0.290657 0.291259 
0.272957 0.273459 
0.215206 0.215562 
0.151345 0.151672 
-0.037737 -0.037810 
-0.042881 -0.042966 
-0.065559 -0.065675 
-0.615675 -0.616814 
-0.251239 -0.251707 
0.216834 0.217229 
-0.085829 -0.086029 
-3.143857 -3.149713 
0.408870 0.409623 
-0.545870 -0.546878 
0.051645 0.051742 
-0.324703 -0.325313 
0.016586 0.016623 
-0.239945 -0.240392 
-0.101840 -0.102038 
-0.716537 -0.717863 
-1.361884 -1.364420 
0.182907 0.183241 
-0.775571 -0.777005 
-0.023405 -0.023458 
-0.111194 -0.111370 
-0.158551 -0.158844 
0.047768 0.047857 
0.095840 0.096022 
0.046167 0.046242 
-0.723853 -0.725202 
0.169345 0.169660 
0.189677 0.190035 
0.108661 0.108867 
0.171455 0.171774 
-0.096178 -0.096354 
-0.110835 -0.111053 
-1.553466 -1.556353 
0.250945 0.251408 
-0.056262 -0.056406 
0.490877 0.491788 
-0.139135 -0.139390 
0.242378 0.242827 
-0.140264 -0.140529 
-0.246309 -0.246778 
-0.095869 -0.096074 
-0.322681 -0.323278 
0.266869 0.267373 
-0.252857 -0.253426 
0.235867 0.236292 
-0.233715 -0.234142 
-0.054131 -0.054234 
0.198679 0.199092 
-0.600482 -0.601605 
3.335774 3.341968 
-0.092126 -0.092305 
0.060188 0.060306 
0.086948 0.087093 
-0.063269 -0.063394 
0.146615 0.146882 
0.041738 0.041819 
-0.202471 -0.202844 
0.007440 0.007434 
-0.185515 -0.185859 
0.010334 0.010344 
0.042378 0.042458 
-1.699143 -1.702302 
0.145547 0.145812 
1.613456 1.616438 
0.173520 0.173841 
0.105026 0.105213 
0.120000 0.120274 
-0.245460 -0.245913 
0.022656 0.022689 
-0.150860 -0.151129 
-0.180129 -0.180472 
0.045501 0.045575 
0.246365 0.246835 
-0.067382 -0.067512 
0.117487 0.117697 
0.223871 0.224295 
-0.101843 -0.102036 
-0.019966 -0.020012 
0.043703 0.043789 
-0.170791 -0.171114 
-0.251544 -0.252016 
-0.317699 -0.318266 
0.163193 0.163489 
-0.314836 -0.315412 
0.268461 0.268972 
1.022144 1.024030 
1.467214 1.469945 
0.083960 0.084106 
0.487753 0.488662 
-0.054357 -0.054461 
-0.068629 -0.068758 
-0.117601 -0.117822 
-0.110608 -0.110820 
-0.104084 -0.104269 
0.017159 0.017164 
-0.107663 -0.107863 
0.005899 0.005900 
0.161284 0.161583 
-0.247840 -0.248305 
-0.424797 -0.425587 
-0.094359 -0.094535 
0.102149 0.102386 
-2.103277 -2.107188 
-0.092300 -0.092486 
-0.191720 -0.192075 
-0.010537 -0.010556 
-0.146882 -0.147190 
-0.077167 -0.077307 
-0.349444 -0.350101 
0.032962 0.033028 
-0.237195 -0.237640 
-0.064940 -0.065066 
0.169424 0.169742 
0.473574 0.474441 
0.067950 0.068082 
0.369140 0.369825 
0.063388 0.063517 
0.122260 0.122491 
0.380413 0.381125 
-1.317069 -1.319513 
0.120418 0.120635 
0.071332 0.071461 
-1.838085 -1.841506 
-0.256773 -0.257256 
0.137022 0.137275 
-0.041682 -0.041777 
0.216962 0.217369 
0.155156 0.155437 
0.027858 0.027940 
0.189664 0.190006 
-0.054745 -0.054857 
-0.021166 -0.021201 
-0.149604 -0.149880 
0.060869 0.060984 
0.027063 0.027111 
-0.020608 -0.020644 
0.090568 0.090738 
0.038555 0.038617 
-0.009826 -0.009842 
-0.085491 -0.085666 
-0.095684 -0.095867 
0.264025 0.264529 
1.399340 1.401946 
0.020647 0.020686 
0.467243 0.468106 
0.420394 0.421192 
0.039016 0.039086 
0.054139 0.054239 
-0.005505 -0.005551 
0.204844 0.205246 
-0.037165 -0.037229 
-0.092220 -0.092386 
-1.287036 -1.289442 
-0.043905 -0.043987 
-1.532479 -1.535316 
-0.207318 -0.207679 
0.269890 0.270370 
0.252430 0.252898 
-0.108140 -0.108331 
0.203200 0.203579 
0.603659 0.604781 
-0.161578 -0.161873 
-0.121987 -0.122226 
-0.556282 -0.557318 
0.203689 0.204065 
-0.044066 -0.044151 
0.404059 0.404808 
-0.240289 -0.240715 
-0.247574 -0.248035 
-0.322450 -0.323065 
-0.039225 -0.039300 
0.155420 0.155702 
-0.097018 -0.097209 
0.224606 0.225025 
-0.242082 -0.242533 
-0.094887 -0.095084 
0.092880 0.093053 
-0.043975 -0.044064 
-0.167344 -0.167651 
0.193621 0.194183 
0.141674 0.141929 
0.285643 0.286181 
0.121636 0.121852 
-0.168540 -0.168844 
-0.034859 -0.034928 
-0.027540 -0.027609 
-0.003390 -0.003395 
0.082907 0.083061 
-0.059075 -0.059179 
0.769497 0.770937 
-0.031701 -0.031759 
-1.527896 0.225221 
-1.752670 -0.179237 
-0.375363 -0.376087 
-0.140419 -0.140674 
0.314398 0.314998 
0.120055 0.120280 
-1.573772 -1.576691 
0.194478 0.194832 
1.002643 1.004503 
0.112658 0.112870 
-0.041275 -0.041363 
0.287109 0.287642 
0.055698 0.055756 
-0.166783 -0.167091 
0.003185 0.003193 
-0.028068 -0.028117 
0.657381 0.658601 
0.170029 0.170334 
-0.125185 -0.125409 
0.183504 0.183848 
0.430791 0.431619 
-0.134199 -0.134470 
-0.030863 -0.030918 
-0.037724 -0.037800 
0.194665 0.195025 
-0.164113 -0.164414 
-0.101826 -0.101991 
0.919175 0.920890 
-0.156605 -0.156890 
-0.134947 -0.135205 
-0.321824 -0.322402 
0.251409 0.251904 
-0.157651 -0.157944 
0.429201 0.430005 
-0.152679 -0.152937 
-0.157547 -0.157837 
0.173082 0.173413 
-0.333765 -0.334367 
0.558073 0.559114 
-0.320872 -0.321474 
0.202945 0.203307 
-2.048641 -2.052451 
-0.235433 -0.235874 
-0.008980 -0.009003 
6.532619 6.544890 
-0.449331 -0.450163 
0.102670 0.102872 
0.039643 0.039708 
-0.025148 -0.025168 
-0.170467 -0.170780 
-0.096063 -0.096251 
-0.191452 -0.191816 
0.006663 0.006675 
0.004488 0.004497 
0.071272 0.071407 
-0.292413 -0.292958 
-0.077460 -0.077608 
-0.078184 -0.078340 
-0.233730 -0.234167 
-0.247160 -0.247621 
-0.682026 -0.683295 
0.134995 0.135243 
0.102814 0.103017 
4.221181 4.229028 
0.485845 0.486729 
-0.356251 -0.356949 
0.062467 0.062588 
1.952459 1.956085 
0.063751 0.063869 
-0.197147 -0.197510 
0.644151 0.645357 
0.030108 0.030165 
-0.270295 -0.270798 
-0.043662 -0.043748 
0.178909 0.179248 
0.032147 0.032207 
0.490498 0.491421 
-0.097577 -0.097758 
-0.303723 -0.304287 
0.123930 0.124164 
-0.046815 -0.046914 
-0.158531 -0.158828 
-0.060955 -0.061106 
0.153271 0.153545 
-0.127501 -0.127754 
0.481383 0.482294 
1.948521 1.952105 
0.141270 0.141507 
-0.575804 -0.576876 
-0.098824 -0.099000 
-0.251366 -0.251857 
0.190100 0.190456 
-0.074938 -0.075053 
-0.167745 -0.168103 
0.377355 0.378047 
-0.290256 -0.290826 
-0.074568 -0.074695 
-4.286768 -4.294740 
0.332402 0.333035 
0.071761 0.071888 
1.662054 1.665133 
0.136448 0.136712 
0.169257 0.169561 
0.036364 0.036428 
0.377282 0.378008 
0.043482 0.043557 
-0.294222 -0.294820 
0.010527 0.010557 
0.172267 0.172586 
0.088125 0.088283 
0.148470 0.148742 
0.146231 0.146512 
-0.791278 -0.792757 
0.054996 0.055097 
-0.281860 -0.282408 
0.152725 0.153016 
-0.011389 -0.011413 
-0.004100 -0.004098 
-0.069720 -0.069857 
0.456817 0.457660 
-4.744077 -4.752888 
0.124277 0.124514 
0.010484 0.010503 
-0.086731 -0.086897 
0.719837 0.721179 
0.344318 0.344955 
0.307927 0.308496 
-0.091189 -0.091359 
0.872296 0.873922 
0.183229 0.183567 
0.187366 0.187730 
-0.067622 -0.067757 
-0.101691 -0.101888 
-0.089043 -0.089283 
0.335967 0.336585 
0.059593 0.059723 
0.213807 0.214197 
0.044325 0.044399 
-0.064235 -0.064352 
0.018246 0.018280 
-0.321146 -0.321738 
0.049577 0.049678 
-0.089626 -0.089791 
-0.127838 -0.128057 
-0.050730 -0.050823 
-0.259609 -0.260091 
-0.732180 -0.733538 
0.063414 0.063523 
0.020348 0.020386 
0.027792 0.027854 
2.015130 2.018882 
0.015979 0.016013 
-0.071646 -0.071777 
-0.297121 -0.297672 
0.206561 0.206940 
0.086508 0.086659 
-0.133309 -0.133565 
-0.036930 -0.036999 
-2.460046 -2.464628 
0.273297 0.273796 
0.004195 0.004202 
-0.160062 -0.160383 
-0.286897 -0.287426 
-0.037156 -0.037197 
0.081489 0.081653 
0.150655 0.150943 
-0.151621 -0.151910 
0.254498 0.254980 
-0.061964 -0.062074 
-0.110019 -0.110213 
0.522815 0.523786 
-0.200995 -0.201346 
-0.187643 -0.187993 
-0.142680 -0.142953 
0.144371 0.144639 
0.331727 0.332340 
0.058864 0.058975 
0.141839 0.142113 
0.262570 0.262995 
-0.053229 -0.053329 
0.054967 0.055068 
-0.092426 -0.092583 
0.062817 0.062943 
-0.141313 -0.141574 
-0.707071 -0.708377 
0.401084 0.401836 
0.277537 0.278061 
-0.103398 -0.103566 
-1.167167 -1.169330 
0.381250 0.381956 
-0.714894 -0.716219 
0.071565 0.071699 
-0.107760 -0.107961 
-0.148455 -0.148717 
-2.283633 -2.287875 
0.359904 0.360627 
-0.250862 -0.251325 
0.140282 0.140564 
0.036396 0.036453 
0.020475 0.020517 
-0.133792 -0.134035 
0.062891 0.063008 
-0.194069 -0.194427 
-0.053161 -0.053258 
-0.206378 -0.206763 
-0.097348 -0.097522 
-0.188093 -0.188442 
0.044200 0.044277 
0.056713 0.056818 
0.013255 0.013286 
-0.468262 -0.469126 
0.280839 0.281362 
-0.329651 -0.330265 
-0.182922 -0.183258 
0.216296 0.216699 
-0.478511 -0.479405 
-0.303199 -0.303765 
0.286425 0.286978 
0.084808 0.084974 
0.095709 0.095888 
-0.069516 -0.069643 
0.006995 0.007004 
0.069197 0.069315 
-0.182065 -0.182397 
0.024974 0.025022 
0.181472 0.181819 
0.025629 0.025681 
0.017170 0.017204 
0.237863 0.238311 
0.492910 0.493827 
0.036155 0.036208 
0.581181 0.582262 
-0.253034 -0.253500 
-0.136222 -0.136443 
0.207918 0.208283 
-0.007567 -0.007572 
-0.338067 -0.338698 
-0.166327 -0.166641 
-0.503058 -0.503992 
9.560565 9.578315 
0.470846 0.471712 
0.373425 0.374113 
0.122175 0.122413 
-0.011987 -0.012008 
-0.381473 -0.382190 
-0.063883 -0.064036 
0.280961 0.281482 
0.002637 0.002642 
-0.008989 -0.009003 
0.043585 0.043666 
1.124022 1.126138 
0.191714 0.192070 
-0.181863 -0.182200 
-0.187675 -0.188021 
-0.491752 -0.492639 
-0.152599 -0.152891 
-0.233147 -0.233575 
0.491034 0.491944 
-0.276074 -0.276589 
-0.192180 -0.192529 
-0.150157 -0.150434 
0.313424 0.314002 
-0.152983 -0.153252 
0.005550 0.005568 
-0.298321 -0.298892 
0.108894 0.109098 
0.189011 0.189368 
0.236425 0.236873 
0.028880 0.028945 
-0.159641 -0.159945 
0.523600 0.524579 
-0.993887 -0.995739 
1.013926 1.015806 
-0.337522 -0.338145 
-0.040697 -0.040754 
-0.129418 -0.129688 
-0.105228 -0.105402 
-0.377748 -0.378449 
0.027248 0.027296 
0.078355 0.078496 
0.089932 0.090121 
-0.065369 -0.065495 
0.106217 0.106415 
0.024334 0.024367 
0.232045 0.232481 
-0.134151 -0.134379 
-0.342189 -0.342825 
-0.110667 -0.110874 
-0.003919 -0.003906 
-0.285689 -0.286242 
0.435379 0.436186 
0.986089 0.987913 
-0.194379 -0.194721 
0.133147 0.133393 
-0.062249 -0.062371 
0.156239 0.156534 
0.141520 0.141788 
0.085449 0.085618 
0.486909 0.487838 
0.257043 0.257489 
-0.006957 -0.006979 
0.011705 0.011725 
-0.017954 -0.017975 
-1.715644 -1.718837 
-2.076188 -2.080013 
-0.052175 -0.052255 
1.120360 1.122448 
-0.223323 -0.223736 
-0.061487 -0.061602 
0.078037 0.078187 
0.330777 0.331385 
0.165897 0.166193 
-18.880668 -18.915747 
-0.151935 -0.152206 
0.264233 0.264724 
-0.010385 -0.010399 
-0.168810 -0.169122 
-0.124179 -0.124416 
-0.081005 -0.081155 
-0.042187 -0.042266 
-0.024541 -0.024599 
-0.141983 -0.142242 
0.336293 0.336914 
-0.165440 -0.165745 
-0.104338 -0.104543 
-0.054803 -0.054899 
-0.731321 -0.732690 
0.143247 0.143535 
-0.009833 -0.009850 
0.036088 0.036161 
0.064510 0.064624 
0.173839 0.174149 
-0.077056 -0.077203 
0.142076 0.142338 
-0.013737 -0.013768 
-0.216685 -0.217085 
0.042158 0.042267 
-0.019453 -0.019492 
