0.076928 0.077427 
3.187063 3.206391 
-0.150436 -0.151299 
-0.350880 -0.353045 
0.022547 0.022798 
-0.091324 -0.091802 
0.279133 0.280938 
0.556847 0.560143 
-0.173744 -0.174690 
0.279571 0.281293 
0.133291 0.133983 
0.103574 0.104141 
-0.050187 -0.050553 
-0.107537 -0.109372 
0.029500 0.029693 
0.512659 0.515795 
0.118105 0.118808 
-0.283992 -0.285700 
0.006664 0.006767 
-0.039374 -0.039664 
-0.354956 -0.357101 
-0.107633 -0.108309 
0.235432 0.236932 
-1.265378 -1.273028 
-0.270898 -0.272549 
-0.071150 -0.071530 
0.013433 0.013099 
0.075908 0.076318 
0.037496 0.037648 
1.513907 1.523171 
-0.192286 -0.193544 
0.153418 0.154219 
-0.090685 -0.091190 
-0.136562 -0.137596 
-0.553148 -0.556588 
-0.072442 -0.072560 
0.031839 0.032002 
0.013051 0.013209 
-0.173717 -0.174727 
0.045792 0.045809 
-0.068364 -0.068857 
1.074099 1.080714 
0.016058 0.016239 
0.013115 0.013237 
-0.270345 -0.272008 
0.118349 0.118874 
0.298757 0.300557 
0.543588 0.546759 
0.098212 0.098733 
-0.060781 -0.061055 
0.331251 0.333370 
0.341723 0.343823 
0.389228 0.391641 
0.251121 0.252681 
0.067801 0.068257 
-0.113958 -0.114581 
0.064406 0.064810 
0.420088 0.422638 
0.009902 0.009874 
0.133186 0.133741 
0.026398 0.026646 
0.091670 0.092419 
-0.372617 -0.374910 
-0.096729 -0.097293 
-0.019490 -0.019163 
0.049523 0.049853 
0.326128 0.328605 
0.193240 0.194414 
0.348093 0.350129 
0.787363 0.792231 
-0.059091 -0.059461 
0.156829 0.157807 
-0.203370 -0.205548 
0.226113 0.227503 
-0.076648 -0.077663 
0.000530 0.000531 
-0.089699 -0.090220 
-1.002782 -1.008996 
0.241621 0.243086 
0.086549 0.086897 
-0.105400 -0.105848 
0.214122 0.215746 
-0.412505 -0.415007 
-1.119095 -1.126068 
0.176877 0.177995 
-0.500847 -0.504025 
-0.066636 -0.066365 
-0.085703 -0.086314 
0.279597 0.281202 
-0.433293 -0.436734 
0.119385 0.120021 
-0.599456 -0.603279 
-0.396317 -0.398636 
-0.016545 -0.016768 
-0.362606 -0.364795 
-0.981427 -0.987485 
-0.263500 -0.264799 
0.176733 0.177809 
-0.286815 -0.288589 
-0.239140 -0.240668 
-1.045939 -1.052302 
-0.000369 -0.000210 
0.383048 0.385411 
-0.743072 -0.747546 
0.347456 0.349619 
0.156560 0.157601 
0.064885 0.065033 
-0.485543 -0.488431 
0.092578 0.093151 
-0.842625 -0.847836 
0.093570 0.094098 
0.015437 0.015594 
-0.021240 -0.021198 
0.120527 0.121038 
-0.457724 -0.460846 
5.381103 5.413801 
0.073638 0.074066 
0.153083 0.154068 
-0.024758 -0.031853 
-0.194701 -0.195668 
-0.171894 -0.173341 
-0.268111 -0.269736 
-0.201473 -0.202591 
0.006367 0.006410 
-0.003845 -0.003837 
-0.740034 -0.744778 
-0.196370 -0.196976 
1.555240 1.564472 
-0.102873 -0.103647 
0.085002 0.085487 
1.632998 1.642985 
0.119636 0.120393 
-0.286134 -0.287926 
0.030160 0.030348 
0.040632 0.040868 
0.098498 0.099269 
0.076504 0.077042 
0.030959 0.030942 
-0.376926 -0.378940 
0.081827 0.082437 
-0.201623 -0.202925 
-1.319557 -1.327633 
0.800819 0.805714 
-0.030503 -0.030983 
0.225233 0.226565 
0.026155 0.026389 
0.312226 0.314042 
0.202857 0.204075 
-0.012532 -0.012702 
0.085795 0.086377 
-0.034016 -0.034162 
0.026761 0.026888 
-0.126406 -0.127242 
-0.131820 -0.132807 
-1.251380 -1.258893 
0.089576 0.090138 
0.023762 0.023821 
-0.064758 -0.064909 
0.229308 0.230733 
0.079917 0.080890 
-0.064150 -0.064521 
0.488027 0.490744 
-0.037485 -0.037838 
-0.009218 -0.009338 
0.240544 0.241901 
0.127221 0.127954 
-0.054758 -0.055123 
0.118212 0.118830 
-0.245561 -0.247097 
0.010288 0.010229 
-0.156705 -0.157734 
1.422081 1.430774 
-0.106025 -0.106982 
0.256352 0.257920 
-0.721685 -0.725919 
0.047072 0.047420 
0.508281 0.511419 
-0.148799 -0.149774 
0.079166 0.079629 
-0.065329 -0.065827 
-0.019081 -0.018973 
-1.300751 -1.308432 
-0.256988 -0.258594 
-0.376835 -0.379114 
0.452620 0.455081 
-0.198568 -0.199759 
2.088459 2.100718 
0.083228 0.104048 
0.321951 0.323889 
-0.008672 -0.065019 
-0.036576 -0.037172 
0.013071 0.013105 
-0.020211 -0.020228 
-0.125618 -0.126222 
0.112512 0.113202 
0.212682 0.213883 
-0.054917 -0.055139 
0.280535 0.282862 
-0.182533 -0.183682 
0.035739 0.036097 
0.708347 0.712150 
-0.053082 -0.053577 
-0.045751 -0.045918 
0.241707 0.243219 
0.221098 0.222407 
0.494971 0.498053 
-0.031319 -0.031517 
0.274619 0.276326 
0.454592 0.457214 
0.039490 0.039794 
-0.081913 -0.082464 
-0.053620 -0.054135 
0.455509 0.458421 
0.289084 0.290718 
-4.385132 -4.412061 
0.178932 0.179886 
0.285260 0.286874 
-0.170426 -0.171419 
0.051307 0.051527 
-0.461806 -0.464567 
-0.121028 -0.121774 
0.270759 0.272353 
0.019588 0.019704 
-0.166676 -0.167652 
-0.123863 -0.124639 
1.164810 1.171856 
-0.098222 -0.098725 
0.281411 0.283263 
0.417327 0.419544 
-0.542601 -0.545418 
0.037658 0.038028 
0.258090 0.259763 
0.262407 0.264287 
-0.128265 -0.129096 
-0.066851 -0.067229 
1.755349 1.765916 
0.969780 0.975522 
-0.505415 -0.508527 
-0.013536 -0.013774 
0.023529 0.023677 
-0.559473 -0.563081 
0.005145 0.005179 
-0.019092 -0.019379 
-1.849602 -1.860832 
-0.027579 -0.027799 
-0.223563 -0.224957 
0.084754 0.085293 
0.020465 0.020589 
-1.513056 -1.522351 
-0.136051 -0.136770 
-1.207028 -1.214205 
-4.253535 -4.279391 
-0.015285 -0.015439 
-0.009650 -0.009649 
-0.326172 -0.328081 
-0.122536 -0.123450 
0.371044 0.373345 
0.023214 0.023426 
-0.033059 -0.033283 
0.215196 0.216641 
0.943021 0.948647 
-0.629203 -0.633145 
0.562615 0.565912 
0.009836 0.009881 
-0.026020 -0.026074 
0.210169 0.211739 
0.103853 0.104444 
-0.025189 -0.025357 
0.315563 0.317446 
0.055897 0.056299 
0.038255 0.038239 
0.164579 0.127007 
-0.021153 -0.021207 
-0.358531 -0.360737 
-0.073670 -0.074206 
0.180090 0.181202 
-0.214823 -0.215990 
-0.114899 -0.115813 
0.428403 0.326334 
-0.823387 -0.828391 
0.005239 0.005070 
-0.015410 -0.015501 
-0.223886 -0.225749 
-0.092254 -0.093034 
0.071643 0.072362 
0.135984 0.136944 
-0.016008 -0.016212 
-0.155320 -0.156397 
-0.078862 -0.079213 
1.410220 1.418960 
-0.797161 -0.802744 
0.014729 0.014785 
0.365620 0.367972 
-1.059194 -1.065837 
0.038450 0.038627 
0.039966 0.040247 
0.099545 0.100083 
0.031528 0.032060 
-0.322071 -0.323979 
0.039131 0.039411 
0.187319 0.188480 
-0.077059 -0.077743 
0.183483 0.184636 
0.031111 0.031251 
-0.154384 -0.155293 
1.643796 1.653846 
-0.008555 -0.008642 
-0.043345 -0.043673 
0.091690 0.092266 
-0.248674 -0.250304 
0.403786 0.406242 
-0.129939 -0.130689 
0.351816 0.353799 
-0.151254 -0.152195 
0.118795 0.119557 
-0.061429 -0.063027 
0.056818 0.057153 
0.074134 0.074653 
0.229831 0.231236 
0.246058 0.247580 
-0.120021 -0.120802 
0.075683 0.073905 
0.280203 0.282007 
0.049770 0.049466 
0.058708 0.058970 
0.103397 0.103978 
0.284578 -0.083817 
0.289641 0.291177 
-0.053922 -0.054218 
-0.015527 -0.015897 
-0.343954 -0.346041 
-0.786940 -0.793313 
-0.034402 -0.034540 
-0.139432 -0.140466 
0.244593 0.246076 
-0.172803 -0.173726 
-0.093961 -0.094573 
-1.330766 -1.338809 
-0.016494 -0.016548 
-0.017597 -0.017706 
-0.168316 -0.169797 
0.016730 0.017328 
0.223128 0.224544 
-0.404974 -0.407534 
0.025526 0.025645 
0.221908 0.223461 
-0.116879 -0.117573 
-0.148601 -0.149489 
-0.194889 -0.196016 
-0.671095 -0.675167 
0.361073 0.363309 
0.093664 0.094189 
-0.244855 -0.246352 
-0.651889 -0.655613 
-0.393026 -0.395495 
-0.154354 -0.155270 
-0.296507 -0.298396 
0.043755 0.043902 
0.099290 0.099929 
0.217262 0.218590 
-0.141096 -0.142069 
-0.008861 -0.008939 
-0.022434 -0.022562 
0.333723 0.338434 
0.168856 0.169745 
-0.379611 -0.383232 
0.138295 0.139103 
0.133147 0.133917 
-0.012429 -0.012390 
-1.590527 -1.600206 
-0.641750 -0.645607 
0.269077 0.270746 
0.011574 0.011571 
-0.589609 -0.593262 
0.108470 0.109215 
0.148420 0.149399 
-0.395754 -0.401942 
-0.128113 -0.128911 
-0.072041 -0.072575 
0.297444 0.299262 
8.080095 8.129139 
0.003858 0.003784 
-0.009282 -0.009450 
-0.070458 -0.070878 
0.164670 0.165877 
-0.893302 -0.898783 
-0.190445 -0.191678 
-0.354223 -0.356350 
-0.044397 -0.044576 
-0.000005 0.000014 
0.151252 0.152128 
-0.792550 -0.797333 
-15.356436 -15.449653 
0.021256 0.021357 
0.045569 0.046563 
0.002315 0.002285 
0.248446 0.249926 
0.592439 0.596083 
0.154794 0.155741 
-0.366887 -0.369184 
-0.098182 -0.099498 
-1.591803 -1.601468 
-0.040670 -0.040957 
-0.418562 -0.421279 
0.060623 0.060990 
0.130375 0.131278 
-1.094806 -1.101459 
-0.404429 -0.406926 
-0.100193 -0.100784 
0.107297 0.107971 
-0.258726 -0.260385 
-0.571488 -0.575179 
-0.041881 -0.042211 
0.568617 0.572068 
-0.033397 -0.033690 
-0.404855 -0.407457 
-0.336904 -0.338978 
0.353959 0.356002 
0.574083 0.587930 
-0.225859 -0.227234 
0.110638 0.111439 
0.161854 0.162959 
-0.157357 -0.158820 
-0.120338 -0.121152 
0.157623 0.158675 
0.076315 0.076791 
0.028104 0.028198 
-0.168954 -0.169926 
0.023393 0.023332 
0.101692 0.102218 
0.161532 0.162243 
0.330420 0.332391 
-0.160192 -0.161104 
0.143668 0.144638 
-0.592357 -0.595989 
-0.590630 -0.594450 
-1.153521 -1.160579 
0.489860 0.492747 
-0.214120 -0.215045 
-0.025366 -0.025417 
-0.643856 -0.647667 
0.036715 0.036912 
-0.101585 -0.102182 
0.140709 0.141726 
0.534102 0.537330 
0.071146 0.071689 
0.156776 0.157741 
0.124900 -0.016921 
-0.055137 -0.055339 
-0.210824 -0.212237 
-0.259757 -0.261050 
0.108665 0.109270 
0.039256 0.039405 
0.178838 0.179815 
0.381573 0.383785 
-0.049615 -0.050015 
0.258085 0.259765 
0.002348 0.002413 
-0.246348 -0.247825 
0.364576 0.366654 
0.870099 0.875320 
0.050230 0.050568 
-0.032999 -0.033033 
0.102225 0.102794 
0.231226 0.232692 
-0.627246 -0.631067 
-0.044059 -0.044290 
0.253129 0.254480 
-0.197452 -0.198678 
-0.190369 -0.191537 
-0.285381 -0.287238 
-0.039515 -0.039750 
0.218028 0.219301 
-0.027530 -0.027827 
-0.222532 -0.223882 
0.170512 0.171824 
-0.787615 -0.792478 
0.120504 0.121006 
-0.026183 -0.026341 
0.055353 0.055608 
0.090086 0.090816 
0.026938 0.027064 
0.025931 0.025993 
-0.266808 -0.268311 
-0.001626 -0.001685 
-0.108498 -0.109191 
-0.524413 -0.527439 
0.114427 0.115198 
0.105502 0.106499 
0.479702 0.482833 
-0.037500 -0.037767 
0.438671 0.441433 
-1.938769 -1.950537 
0.159102 0.160149 
0.073237 0.073628 
0.020566 0.020690 
0.063228 0.063797 
0.111541 0.112126 
-0.246603 -0.248203 
-0.123196 -0.123845 
0.282259 0.284459 
0.185859 0.186958 
-1.333949 -1.342010 
2.612023 2.627364 
-0.139644 -0.140613 
0.095628 0.096230 
-0.038504 -0.038728 
-0.171136 -0.172047 
-0.244481 -0.245957 
-0.027486 -0.027719 
-0.181014 -0.182089 
0.326593 0.328606 
-0.006525 -0.006517 
0.066301 0.066287 
0.004247 0.004640 
0.344597 0.346711 
0.055044 0.055467 
0.004657 0.004825 
0.258304 0.259913 
-0.046063 -0.046313 
0.115845 0.116914 
-0.242368 -0.243796 
-0.317768 -0.319719 
-0.095674 -0.096342 
-16.895259 -16.997886 
-0.166988 -0.168148 
-0.364091 -0.366235 
-0.142846 -0.143752 
-0.143782 -0.145584 
0.043067 0.043531 
-0.363443 -0.366968 
-0.111797 -0.112546 
-0.071353 -0.071861 
0.056758 0.057004 
-0.062118 -0.062526 
0.507845 0.510894 
-0.424948 -0.428849 
0.202660 0.203698 
0.625227 0.629068 
0.051292 0.051821 
0.040059 0.040209 
-0.263285 -0.264964 
0.429348 0.432180 
0.765322 0.769997 
-0.361926 -0.364111 
0.277596 0.279275 
0.032540 0.032589 
-0.026228 -0.026413 
2.257413 2.271077 
0.093400 0.094035 
-2.118126 -2.130939 
0.225539 0.227079 
-0.034424 -0.034707 
-0.154037 -0.154629 
-0.103665 -0.104342 
-0.120525 -0.121265 
0.004841 0.004820 
0.101711 0.102309 
0.151280 0.152241 
-0.071526 -0.071903 
-0.609226 -0.612714 
-0.340428 -0.342512 
0.036729 0.036909 
-0.145830 -0.147144 
0.306298 0.308153 
-0.021167 -0.021399 
-0.016765 -0.016897 
-0.021539 -0.021717 
-0.136671 -0.137553 
-0.570904 -0.574356 
-0.018960 -0.018910 
0.061513 0.062057 
-3.238593 -3.259983 
-0.017072 -0.017174 
0.354728 0.357009 
-0.003164 -0.003077 
-0.008396 -0.008141 
-0.903439 -0.908895 
0.182483 0.183519 
-0.098738 -0.098263 
-0.168418 -0.169470 
-0.261729 -0.263266 
0.264643 0.266219 
-0.985234 -0.991423 
0.085644 0.085976 
-0.474936 -0.477727 
0.021071 0.021174 
-0.131070 -0.131834 
0.463747 0.285677 
0.179759 0.180745 
-0.205795 -0.207237 
-0.212307 -0.213766 
-0.244761 -0.246528 
0.006472 0.006149 
-0.186182 -0.187565 
0.045433 0.045816 
0.131877 0.132668 
-0.036107 -0.036330 
-0.641421 -0.645304 
-0.027521 -0.027630 
0.097845 0.098427 
-0.416378 -0.419090 
0.175877 0.177154 
-0.319807 -0.321674 
0.207390 0.208715 
0.117276 0.117960 
0.268629 0.270526 
0.017368 0.017803 
0.046573 0.046924 
0.006704 0.006829 
0.459235 0.461967 
0.018335 0.016904 
-0.176157 -0.177303 
0.133090 0.133917 
0.159501 0.160740 
-0.296573 -0.298274 
0.213005 0.214289 
-0.992563 -0.998371 
0.229475 0.230713 
-0.164163 -0.165170 
-0.016615 -0.016690 
0.049916 0.050069 
0.162638 0.163477 
0.100363 0.101154 
-0.166920 -0.167902 
-0.159085 -0.160008 
0.024629 0.024698 
0.110653 0.111343 
-1.282929 -1.290743 
0.588908 0.592737 
-0.515952 -0.518969 
0.610939 0.614809 
0.154953 0.155514 
-0.039061 -0.039326 
0.022767 0.022936 
0.183573 0.184930 
-0.110748 -0.111401 
0.486444 0.489264 
0.059153 0.058788 
0.140890 0.141857 
0.153917 0.154861 
0.217330 0.218737 
-0.213674 -0.215022 
-0.567560 -0.571071 
-0.086143 -0.086535 
0.752524 0.756934 
1.202674 1.210031 
0.181388 0.182559 
-0.412319 -0.414822 
-0.273695 -0.275355 
-0.074881 -0.075222 
0.109913 0.110579 
-0.052495 -0.052926 
-0.316078 -0.317943 
1.571073 1.580879 
-0.101174 -0.100750 
0.559472 0.562809 
0.112135 0.112741 
0.131138 0.131991 
0.807501 0.812408 
-0.100489 -0.101084 
0.104069 0.104615 
0.228099 0.229399 
0.286308 0.288157 
0.063733 0.064160 
-0.031954 -0.032185 
-0.091077 -0.091470 
0.220822 0.222143 
0.048555 0.049410 
0.209285 0.210514 
0.062735 0.063087 
0.166118 0.167086 
0.018751 0.018883 
0.072429 0.072752 
0.161313 0.162337 
0.351271 0.353337 
1.085532 1.092145 
-0.078751 -0.079180 
0.122275 0.123013 
0.228781 0.230210 
-0.029658 -0.029826 
-0.083928 -0.084504 
0.194298 0.195546 
0.347484 0.349601 
-0.447737 -0.450492 
-0.217025 -0.218321 
-0.825041 -0.830094 
-0.106291 -0.106839 
0.064432 0.064825 
0.026093 0.026251 
0.635491 0.644435 
-0.705345 -0.709565 
-0.193012 -0.194065 
-0.044931 -0.045133 
0.196468 0.197701 
0.132429 0.133018 
0.698968 0.703230 
-0.059776 -0.060166 
-0.197799 -0.199024 
0.108086 0.108671 
-1.640160 -1.650062 
-0.182195 -0.183295 
-0.007385 -0.007444 
1.059986 1.066360 
-0.180059 -0.181105 
-0.202404 -0.203576 
0.479737 0.482679 
2.286578 2.300563 
-0.388759 -0.391058 
-0.003165 -0.003171 
0.011414 0.011268 
-0.151230 -0.152094 
1.065670 1.072122 
0.077702 0.078168 
-0.221386 -0.222722 
-0.085554 -0.085965 
-0.048522 0.175176 
0.484833 0.487843 
-0.313348 -0.491514 
-0.024865 -0.025067 
0.711826 0.727082 
0.194874 0.196028 
0.059093 0.059352 
-0.036726 -0.036858 
-0.051022 -0.051386 
-0.131132 -0.131813 
-0.730599 -0.734986 
-0.069681 -0.070181 
-0.206464 -0.207750 
-0.066690 -0.067024 
0.221270 0.222502 
1.000925 1.007224 
0.491261 0.494314 
-0.306242 -0.308106 
0.378818 0.381108 
-0.335193 -0.337447 
-0.223581 -0.224978 
-1.360209 -1.368486 
-0.004264 -0.004228 
-0.542488 -0.545832 
0.551609 0.554877 
-0.297743 -0.299978 
0.033897 0.034002 
0.038216 0.038221 
0.089194 0.089719 
0.168348 0.169389 
-0.096765 -0.097309 
0.139561 0.140465 
-0.165546 -0.166180 
0.214323 0.216224 
0.143747 0.144640 
0.663385 0.667441 
-0.117132 -0.118035 
0.093986 0.094628 
0.173213 0.174222 
0.322349 0.324391 
-0.107612 -0.108109 
0.058169 0.058597 
-0.039193 -0.039432 
-0.014421 -0.014531 
0.089668 0.090176 
-0.066965 -0.067467 
0.435185 0.437849 
0.002401 0.002392 
-0.098695 -0.099269 
-0.027431 -0.027399 
1.310574 1.318591 
-0.116005 -0.116731 
0.098605 0.099177 
0.117617 0.118481 
0.096378 0.097090 
0.094180 0.094820 
-0.659089 -0.663056 
0.153121 0.154650 
0.112733 0.113359 
0.101286 0.102286 
-0.009954 -0.010120 
0.051117 0.051427 
-0.389136 -0.391383 
-0.250442 -0.252122 
0.025036 0.025001 
0.029797 0.030050 
-0.012657 -0.012586 
0.064609 0.065042 
-0.204465 -0.206159 
-0.292723 -0.294290 
-0.019136 -0.019278 
-0.129994 -0.130800 
0.796925 0.801813 
0.269788 0.271654 
-0.052203 -0.052350 
-0.583370 -0.587031 
0.056834 0.057152 
0.514820 0.517994 
-0.107184 -0.107946 
0.148315 0.149476 
-0.395026 -0.397469 
0.408820 0.411128 
-0.202329 -0.203469 
0.270121 0.271723 
0.042803 0.043125 
-0.092983 -0.093552 
-0.178124 -0.179236 
-1.608030 -1.617902 
-0.248977 -0.250497 
0.324577 0.326424 
-0.139285 -0.140081 
0.077949 0.078343 
-0.166369 -0.167425 
-0.172046 -0.173089 
0.264256 0.266109 
0.246334 0.248001 
0.459567 0.462401 
-1.483523 -1.492418 
0.131841 0.132666 
0.621166 0.624867 
-0.127197 -0.127990 
2.586208 2.601900 
-0.137186 -0.137044 
0.145406 0.145943 
0.062884 0.063182 
0.051717 0.051944 
-0.086480 -0.087069 
-0.338407 -0.340487 
0.105985 0.106764 
-0.093766 -0.094307 
-0.732211 -0.736558 
-0.024895 -0.025074 
0.109742 0.110423 
-0.004000 -0.003793 
-0.089955 -0.090578 
-1.834013 -1.845194 
0.085262 0.085807 
0.502122 0.505201 
-0.272558 -0.274333 
0.131291 0.132045 
1.438547 1.447364 
-0.097159 -0.097803 
0.292690 0.294489 
0.834060 0.839126 
-0.228211 -0.229581 
-0.524494 -0.527904 
0.287530 -0.005244 
-0.069747 -0.070035 
-0.001792 -0.001812 
-0.049381 -0.049787 
-0.153268 -0.154268 
2.976877 2.995022 
-0.001973 -0.001978 
0.144403 0.145183 
-0.170386 -0.171365 
0.165094 0.166220 
0.106046 0.106682 
-0.334522 -0.336554 
-0.005300 -0.005491 
0.073172 0.073760 
0.112983 0.113684 
0.461288 0.464432 
0.119585 0.120388 
-0.083034 -0.083470 
-0.415047 -0.417646 
-0.018393 -0.018562 
0.597880 0.601333 
0.175269 0.176267 
0.088535 0.089075 
0.127277 0.127879 
0.408043 0.410421 
2.720538 2.737017 
0.051198 0.051557 
-0.126062 -0.126934 
-0.142580 -0.143449 
-0.008406 -0.008561 
-0.228101 -0.229492 
-0.023992 -0.024111 
-0.209305 -0.210674 
0.401317 0.403724 
-0.181104 -0.182131 
0.136171 0.136997 
-0.099116 -0.099350 
1.090165 1.096820 
-0.016114 -0.016127 
0.117318 0.118239 
-0.539423 -0.542658 
0.447432 0.450229 
0.095020 0.095632 
-0.033055 -0.033220 
-0.009254 -0.009348 
1.209184 1.219646 
0.117897 0.118471 
0.335537 0.338196 
0.122449 0.123207 
-0.126769 -0.127576 
1.302924 1.310694 
0.070763 0.071216 
0.043209 0.044223 
0.159269 0.160286 
-0.558111 -0.561522 
-0.397282 -0.399763 
-0.334475 -0.336539 
0.162721 0.163607 
-0.127674 -0.128436 
0.348956 0.351002 
0.272644 0.274030 
-0.111309 -0.112102 
0.187227 0.188384 
0.232079 0.233424 
-0.110155 -0.110853 
0.161446 0.162127 
-0.012415 -0.012650 
0.025842 0.026117 
-0.050156 -0.050487 
0.041079 0.041377 
-0.023469 -0.023562 
-0.098248 -0.098831 
0.431287 0.433918 
0.404404 0.406853 
0.044489 0.044770 
-0.030253 -0.031267 
-0.159637 -0.160658 
0.409790 0.412369 
0.143206 0.144274 
6.375136 6.413453 
-0.257984 -0.260377 
-0.028123 -0.028090 
0.217391 0.218712 
0.054789 0.055078 
0.452861 0.455718 
-0.017981 -0.018011 
0.185768 0.186932 
-0.220799 -0.221586 
-0.146437 -0.147453 
0.016915 0.016843 
0.099115 0.099791 
0.036097 0.035933 
-0.004390 -0.005369 
-0.181124 -0.182169 
-0.041190 -0.041427 
-0.071993 -0.072435 
0.037758 0.037980 
-0.206525 -0.207796 
-0.038289 -0.038564 
-0.559317 -0.562569 
0.013624 0.013661 
0.085012 0.085505 
-0.070221 -0.070387 
0.223647 0.225155 
0.175274 0.176275 
-0.175844 -0.176910 
0.049505 0.049934 
-0.338030 -0.339830 
0.099306 0.099269 
0.026093 0.026307 
-0.065278 -0.065716 
-0.515922 -0.519031 
-0.028388 -0.028514 
0.261154 0.262870 
-0.029857 -0.030158 
-0.086991 -0.087186 
0.376453 0.378801 
0.476493 0.479352 
-0.176771 -0.178250 
0.161869 0.162750 
0.619841 0.623549 
-0.146831 -0.147356 
-0.501566 -0.504706 
0.643691 0.647710 
-0.276894 -0.278630 
-0.073789 -0.074334 
-0.104433 -0.105073 
0.272346 0.273979 
0.442200 0.444840 
-0.006120 -0.006389 
0.084379 0.084711 
-0.100881 -0.101442 
-0.068375 -0.068811 
-0.107081 -0.107823 
0.252991 0.254514 
5.697812 5.732531 
-0.388345 -0.390677 
-0.230576 -0.232036 
-0.246258 -0.247683 
-0.300607 -0.302436 
0.009355 0.009275 
-1.279400 -1.287055 
-0.040407 -0.040558 
-0.058466 -0.057481 
-0.435828 -0.438474 
0.230608 0.232418 
-0.091960 -0.092460 
0.702829 0.707165 
-0.219159 -0.220109 
0.215196 0.216492 
0.204626 0.205802 
-0.229522 -0.230879 
-0.197366 -0.198790 
-0.117257 -0.118090 
-0.297007 -0.298690 
-0.048223 -0.048607 
-0.915493 -0.920950 
-0.034069 -0.034501 
-0.237371 -0.238771 
0.072563 0.073167 
0.246956 0.248404 
0.249613 0.251171 
-0.067933 -0.068376 
-0.033884 -0.034237 
0.017489 0.017594 
-0.083052 -0.083528 
0.432984 0.435729 
0.088971 0.089408 
-0.126945 -0.127751 
0.181517 0.182473 
0.142929 0.143692 
0.271930 0.273641 
-0.052459 -0.052768 
-0.233418 -0.235138 
-0.246898 -0.248500 
-0.068577 -0.068897 
-0.093465 -0.094059 
-0.002017 -0.001970 
-0.136525 -0.137354 
-0.009556 -0.009788 
0.004188 0.004280 
-0.150677 -0.151609 
0.507436 0.510477 
0.881034 0.886281 
0.162293 0.163576 
0.183938 0.185034 
0.110230 0.110879 
0.053565 0.053730 
-0.424946 -0.427179 
-0.038492 -0.038550 
0.050073 0.050320 
0.019041 0.019125 
-0.031086 -0.031311 
-0.931368 -0.937116 
0.220951 0.222248 
-0.194864 -0.195950 
0.010851 0.011087 
-0.045422 -0.045447 
-0.397640 -0.400173 
-0.169268 -0.170302 
-0.202291 -0.203465 
0.312515 0.314493 
0.069902 0.070369 
-0.039057 -0.039258 
-0.386201 -0.388859 
-0.050440 -0.050595 
0.033729 0.034160 
0.155411 0.156480 
-0.171286 -0.172423 
-0.089376 -0.089751 
-0.037328 -0.037557 
-0.354240 -0.220236 
-0.158006 -0.158990 
0.009196 0.009469 
0.844260 0.849600 
-0.072106 -0.072574 
-0.841048 -0.845366 
0.242794 0.244277 
0.334095 0.336278 
-0.019689 -0.020145 
0.028854 0.028885 
-0.427462 -0.430066 
-0.062579 -0.062937 
0.048217 0.048531 
-0.518619 -0.521699 
0.747141 0.751297 
-0.474757 -0.477718 
-0.001664 -0.001758 
-0.095447 -0.095935 
-0.119783 -0.120503 
0.040943 0.041245 
0.109288 0.110147 
1.004521 1.010959 
0.178087 0.179270 
-0.042833 -0.042999 
-1.052492 -1.058778 
-0.107033 -0.107588 
0.264360 0.266039 
-0.882944 -0.888377 
-0.620401 -0.624340 
-0.951414 -0.068924 
-0.203384 -0.204672 
-0.001502 -0.001390 
-0.221061 -0.222360 
0.097613 0.098231 
0.151165 0.152786 
0.158831 0.160083 
0.169345 0.170367 
0.410766 0.413239 
0.045879 0.046455 
0.155048 0.155235 
0.007670 0.007806 
-0.311980 -0.313788 
0.042073 0.042266 
-0.391221 -0.393792 
0.541309 0.544480 
0.660240 0.667665 
0.159903 0.160830 
0.519663 0.522784 
0.074954 0.075517 
-0.200962 -0.202255 
0.159149 0.160281 
-0.092716 -0.093395 
-0.015209 -0.015402 
0.232491 0.233895 
0.794131 0.798977 
1.119951 1.126917 
-0.821732 -0.826686 
0.808045 0.813588 
0.119256 0.119899 
0.030363 0.019697 
0.149536 0.150384 
0.010838 0.010840 
-0.010249 -0.010539 
-0.312616 -0.314929 
0.067888 0.068471 
-0.186376 -0.187074 
0.377328 0.310532 
-0.248007 -0.249240 
0.061271 0.061729 
-0.008425 -0.008396 
0.027613 0.027833 
-0.171369 -0.172447 
0.192764 0.194098 
-0.065859 -0.066095 
-0.022567 -0.022721 
0.374649 0.376481 
0.716128 0.720476 
-0.006727 -0.006894 
0.016592 0.016734 
-1.020827 -1.026791 
0.492529 0.495444 
0.034407 0.034517 
0.103116 0.103756 
-0.140971 -0.141533 
0.441091 0.443697 
-0.004349 -0.004335 
0.153942 0.154982 
-0.801404 -0.806061 
-0.307284 -0.042099 
-0.263020 -0.265340 
1.113962 0.674315 
-0.471446 -0.474219 
0.188424 0.189574 
-0.536194 -0.539658 
0.081404 0.081915 
-5.424678 -5.457649 
-0.034486 -0.034659 
-0.079411 -0.079934 
-0.122073 -0.122770 
0.166271 0.159001 
0.127938 0.128653 
0.008388 0.008393 
-0.007137 -0.007059 
-0.118072 -0.118793 
-0.090482 -0.090965 
-0.041362 -0.041721 
-0.572316 -0.575585 
0.686976 0.691054 
-0.133679 -0.134536 
-0.209742 -0.211078 
0.216664 0.217987 
-0.050112 -0.050286 
0.192994 0.194378 
0.177896 0.178982 
-0.011198 -0.011257 
-0.267795 -0.269367 
-0.510955 -0.514035 
0.102512 0.103045 
-0.066805 -0.067049 
-0.041664 -0.042017 
0.268362 0.270074 
-0.058997 0.008239 
-0.226373 -0.227608 
0.586595 0.590530 
-0.053138 -0.053496 
0.094443 0.095043 
-0.446671 -0.449589 
0.898035 0.903484 
-0.234498 -0.236091 
-1.595880 -1.605433 
0.113120 0.113767 
1.149991 1.158614 
-0.296527 -0.298286 
-0.094974 -0.095670 
-0.248513 -0.250219 
-0.035658 -0.035961 
1.283690 1.291572 
-0.626890 -0.630729 
0.218844 0.220342 
0.006632 0.007108 
0.168079 0.169056 
-0.015302 -0.015330 
0.407133 0.409628 
-0.242059 -0.243717 
0.037175 0.037467 
-0.107968 -0.108620 
0.958722 0.964539 
0.078621 0.078776 
-0.145437 -0.146776 
-0.126625 -0.127291 
0.024114 0.024279 
-0.027832 -0.028217 
-0.021088 -0.021279 
-0.030454 -0.030792 
0.100286 0.100851 
0.266486 0.268129 
-0.174344 -0.174930 
-0.117190 -0.117925 
0.266473 0.268151 
0.297833 0.299775 
-0.397291 -0.399832 
0.000194 0.000332 
0.126865 0.127588 
0.149040 0.149946 
-0.590373 -0.593986 
0.042497 0.042631 
-0.240551 -0.241905 
0.370917 0.373270 
-0.135016 -0.135699 
0.698615 0.702846 
-0.101074 -0.101755 
0.220231 0.221682 
-0.133893 -0.134634 
2.679153 2.695430 
0.688242 0.692290 
-0.079632 -0.080169 
0.006620 0.006645 
13.005553 13.084623 
0.093317 0.094034 
0.295260 0.297087 
-0.103295 -0.103925 
0.293787 0.295502 
0.203067 0.204306 
0.068738 0.069454 
-0.340313 -0.343086 
0.300274 0.302061 
0.297631 0.299549 
-0.539587 -0.542792 
-0.348593 -0.350736 
-0.197655 -0.198631 
0.122274 0.123035 
0.558430 0.561810 
-0.351790 -0.353840 
0.345091 0.347365 
2.442641 2.457484 
0.220485 0.222518 
0.120964 0.121748 
-0.110448 -0.111231 
-0.130349 -0.131117 
0.138153 0.139123 
-2.743048 -2.759588 
-0.334484 -0.336571 
-0.092253 -0.092774 
0.137317 0.138360 
0.409356 0.411874 
0.252866 0.254539 
0.061939 0.062992 
-0.107832 -0.108529 
0.098892 0.208645 
-0.046954 -0.047086 
-0.638314 -0.642047 
0.141773 0.142638 
-0.136382 -0.137188 
-0.475426 -0.478332 
-0.224080 -0.023850 
0.478492 0.481396 
-0.436916 -0.439540 
-0.394786 -0.397351 
-0.318165 -0.320944 
0.124117 0.125047 
-0.000392 -0.000287 
0.209443 0.210450 
-0.043104 -0.043270 
-0.383381 -0.386080 
-0.070644 -0.071157 
-0.138204 -0.138875 
0.418484 0.420815 
-0.151178 -0.012749 
-0.209858 -0.211129 
0.882640 0.887891 
-0.253876 -0.255830 
-0.213709 -0.214664 
0.076495 0.076810 
-0.021681 -0.021868 
0.099174 0.099795 
0.267480 0.269013 
-0.248124 -0.249670 
0.407155 0.409993 
-0.711271 -0.715632 
0.120338 0.121394 
-0.374814 -0.244346 
0.110255 0.110993 
3.977500 4.001746 
0.174345 0.175341 
-0.054792 -0.055122 
-0.453728 -0.456498 
0.215736 0.217105 
2.378806 2.393011 
0.116462 0.117005 
0.115427 0.116672 
0.002408 0.002356 
0.174093 0.175408 
-0.145062 -0.145871 
0.149435 0.150380 
-0.297974 -0.299805 
1.179018 1.186207 
-0.116426 -0.117102 
0.238378 0.239716 
-0.164328 -0.165348 
-0.136461 -0.137511 
0.075459 0.075858 
0.096131 0.096617 
0.375855 0.378230 
0.136709 0.137666 
-0.042956 -0.043196 
0.702378 0.706875 
0.072817 0.073343 
-0.046382 -0.046583 
-0.023910 -0.024173 
0.297295 0.299349 
-0.240858 -0.242333 
0.638129 0.642020 
-0.191343 -0.192685 
-0.174049 -0.175772 
0.024895 0.025017 
-0.057937 -0.058354 
-0.283269 -0.284344 
-0.337294 -0.339273 
0.057116 0.057510 
0.051671 0.051838 
0.264810 0.266419 
-0.267432 -0.268998 
0.042026 0.042319 
0.255913 0.257491 
-0.072178 -0.073325 
0.613020 0.616748 
0.198305 0.199513 
0.049043 0.049367 
-0.086667 -0.087140 
0.113566 0.114046 
-0.143795 -0.144614 
-0.403515 -0.406950 
0.097367 0.097965 
0.314268 0.316139 
0.203020 0.204187 
0.004818 0.004956 
0.442175 0.445006 
-0.190322 -0.191558 
0.557993 0.561315 
-0.238979 -0.240477 
1.043490 0.488484 
-0.056952 -0.057199 
0.089415 0.089847 
-0.207916 -0.209196 
1.130856 0.087803 
0.018289 0.018505 
-0.721640 -0.726236 
-0.262087 -0.265768 
-0.400600 -0.403086 
0.226709 0.228388 
-0.001408 -0.001395 
-0.112178 -0.112635 
0.074268 0.074814 
-0.326308 -0.328317 
-0.175633 -0.176926 
0.156500 0.157469 
0.458684 0.468789 
-0.032864 -0.032879 
1.157114 1.164189 
0.162111 0.163118 
-0.018234 -0.018417 
-0.539242 -0.542528 
-0.362327 -0.364504 
1.180793 1.187724 
-0.182207 -0.183315 
-0.604210 -0.607866 
-0.481553 -0.484145 
1.461533 1.470228 
0.383355 0.385719 
0.149174 0.150059 
0.268811 0.270476 
0.045704 0.046039 
-0.167582 -0.168515 
0.105616 0.105867 
0.080947 0.081322 
-0.268089 -0.269606 
-0.843097 -0.848194 
1.063649 1.069979 
-0.096880 -0.097352 
-0.248797 -0.250453 
-1.181404 -1.188478 
-0.020161 -0.020376 
0.058796 0.059135 
0.408603 0.411140 
-0.054290 -0.054472 
-0.200586 -0.201717 
0.212285 0.213664 
-0.303358 -0.305155 
0.216757 0.218004 
0.228584 0.229889 
0.340377 0.342702 
-0.675031 -0.679381 
-0.021976 -0.022164 
0.165573 0.166628 
0.085760 0.084085 
0.374051 0.376649 
-0.025903 -0.025294 
-0.065041 -0.065813 
-0.243843 -0.245457 
0.218482 0.219821 
3.534536 3.556088 
0.175220 0.176950 
-0.169376 -0.170352 
0.031387 0.031640 
0.170659 0.171557 
-0.050418 -0.050893 
-0.193034 -0.194062 
-0.153533 -0.154468 
0.255449 0.256943 
-0.376061 -0.378398 
0.454271 0.456804 
0.008933 0.008972 
0.210397 0.211606 
0.378034 0.380529 
-0.529637 -0.045790 
0.670222 0.674347 
-0.079708 -0.081358 
-0.060703 -0.061224 
-0.000046 -0.000129 
-0.131075 -0.131824 
-0.132523 -0.133033 
0.087559 0.093252 
0.023327 0.023549 
-0.058819 -0.059192 
0.039341 0.038643 
0.032087 0.032438 
0.071979 0.072634 
-0.019342 -0.019423 
-0.222267 -0.223621 
-0.152476 -0.153387 
-0.307573 -0.309361 
0.570104 0.573537 
0.138805 0.139582 
0.659178 0.663244 
-0.541034 -0.544365 
0.112895 0.113589 
0.068857 0.069312 
-0.446769 -0.449340 
-0.375653 -0.377836 
1.671606 1.681769 
-0.053486 -0.054822 
-0.039107 -0.039325 
6.505599 6.545080 
-0.142512 -0.143489 
0.051910 0.052317 
-0.028609 -0.028909 
0.322656 0.324641 
0.075060 0.075606 
-0.659042 -0.663479 
0.116827 0.116180 
-0.114663 -0.115652 
0.130386 0.131209 
-0.048085 -0.048343 
0.037362 0.037705 
0.236430 0.238599 
0.277409 0.181303 
0.253412 0.254441 
0.292434 0.112349 
-0.034666 -0.034919 
-0.038545 -0.038838 
-0.070455 -0.070818 
-0.620257 -0.623972 
-0.251173 -0.252703 
0.224004 0.225272 
-0.050326 -0.051110 
-3.134076 -3.153289 
0.414668 0.417115 
-0.551376 -0.554659 
0.050745 0.051066 
-0.319730 -0.321744 
0.011345 0.011484 
-0.239493 -0.240957 
-0.094379 -0.095054 
-0.721518 -0.725844 
-1.357779 -1.366101 
0.187714 0.188792 
-0.782295 -0.786968 
-0.015706 -0.015906 
-0.138278 -0.138755 
-0.160338 -0.161291 
0.047274 0.047569 
0.092843 0.093448 
0.055400 0.055614 
-0.721516 -0.725940 
0.168870 0.169904 
0.184590 0.185783 
0.105352 0.106038 
0.171457 0.172501 
-0.098809 -0.099376 
-0.100458 -0.101209 
-1.553518 -1.562975 
0.254358 0.255861 
-0.021171 -0.021772 
0.492528 0.495504 
-0.141896 -0.142723 
0.244463 0.245923 
-0.136823 -0.137702 
-0.236631 -0.238202 
-0.071626 -0.072388 
-0.325116 -0.327062 
0.259667 0.261345 
-0.165568 -0.167751 
0.247122 0.248475 
-0.240399 -0.241773 
-0.052196 -0.052540 
0.160371 0.161863 
-0.594721 -0.598419 
3.342182 3.362444 
-0.085395 -0.086005 
0.054542 0.054950 
0.101846 0.102266 
-0.056898 -0.057330 
0.151873 0.152727 
0.038984 0.039258 
-0.205739 -0.206947 
0.024982 0.024899 
-0.186585 -0.187707 
0.018088 0.018094 
0.041116 0.041383 
-1.699138 -1.709483 
0.150407 0.151257 
1.628627 1.638339 
0.175087 0.176132 
0.112003 0.112591 
0.074975 0.076037 
-0.248110 -0.249585 
0.030784 0.030862 
-0.160985 -0.161829 
-0.173533 -0.174678 
0.055047 0.055253 
0.236073 0.237648 
-0.063311 -0.063751 
0.124677 0.125339 
0.216987 0.218400 
-0.099342 -0.099980 
-0.012331 -0.012509 
0.039127 0.039427 
-0.165854 -0.166930 
-0.247997 -0.249555 
-0.338180 -0.339963 
0.169499 0.170446 
-0.322802 -0.324660 
0.257559 0.259273 
1.034393 1.040526 
1.463531 1.472491 
0.093009 0.093454 
0.485317 0.488305 
-0.052524 -0.052869 
-0.067685 -0.068110 
-0.115971 -0.116699 
-0.104451 -0.105170 
-0.112231 -0.112804 
0.041131 0.041059 
-0.108262 -0.108913 
0.014284 0.014258 
0.162093 0.163069 
-0.243665 -0.245205 
-0.424937 -0.427522 
-0.093281 -0.093864 
0.060351 0.061281 
-2.102322 -2.115135 
-0.079849 -0.080502 
-0.193346 -0.194501 
-0.011284 -0.011343 
-0.115904 -0.117027 
-0.080498 -0.080944 
-0.342993 -0.345168 
0.029383 0.029610 
-0.234027 -0.235494 
-0.060638 -0.061065 
0.167313 0.168360 
0.485266 0.488063 
0.062689 0.063141 
0.370807 0.373042 
0.053476 0.053935 
0.118900 0.119669 
0.375791 0.378141 
-1.320615 -1.328607 
0.126163 0.126854 
0.074413 0.074825 
-1.834915 -1.846129 
-0.252073 -0.253670 
0.138151 0.138977 
-0.026101 -0.026469 
0.213644 0.214989 
0.161435 0.162333 
0.000779 0.001148 
0.198885 0.199972 
-0.045804 -0.046203 
-0.025592 -0.025688 
-0.150844 -0.151746 
0.059746 0.060124 
0.029533 0.029680 
-0.022005 -0.022120 
0.088852 0.089416 
0.046793 0.046967 
-0.011221 -0.011270 
-0.024134 -0.071727 
-0.001310 -0.091345 
0.251963 0.253659 
1.395075 1.403626 
0.019579 0.019713 
0.472264 0.475072 
0.405868 0.408534 
0.041284 0.041505 
0.054503 0.054829 
0.026785 0.026514 
0.186045 0.187430 
-0.041651 -0.041844 
-0.096766 -0.097294 
-1.275225 -1.283148 
-0.042949 -0.043224 
-1.542737 -1.551992 
-0.228719 -0.229823 
0.289006 0.290508 
0.253691 0.255219 
-0.117459 -0.118049 
0.202067 0.203313 
0.603718 0.607393 
-0.166907 -0.167852 
-0.111364 -0.112185 
-0.554928 -0.558324 
0.206261 0.207482 
-0.041429 -0.041717 
0.406508 0.408950 
-0.258441 -0.259771 
-0.246419 -0.247935 
-0.309259 -0.311319 
-0.037898 -0.038146 
0.161411 0.162313 
-0.087647 -0.088307 
0.223184 0.224562 
-0.240909 -0.242392 
-0.076578 -0.077291 
0.092802 0.093369 
-0.037607 -0.037922 
-0.171154 -0.172144 
0.015438 0.017929 
0.148955 0.149764 
0.279074 0.280861 
0.129907 0.130586 
-0.176905 -0.177870 
-0.031537 -0.031774 
-0.011934 -0.012217 
-0.004364 -0.004377 
0.082893 0.083398 
-0.064119 -0.064441 
0.760761 0.765511 
-0.032338 -0.032527 
0.199600 0.201154 
-0.173062 -0.174194 
-0.351677 -0.354137 
-0.145442 -0.146260 
0.300812 0.302826 
0.117839 0.118586 
-1.579646 -1.589185 
0.201506 0.202638 
1.006202 1.012280 
0.110778 0.111477 
-0.031562 -0.031884 
0.287607 0.289352 
0.095413 0.095459 
-0.169115 -0.170113 
0.001161 0.001195 
-0.030759 -0.030910 
0.659862 0.663846 
0.179173 0.180141 
-0.132283 -0.132993 
0.180428 0.181568 
0.406172 0.408976 
-0.115351 -0.116307 
-0.032869 -0.033042 
-0.032860 -0.033125 
0.196866 0.198035 
-0.167966 -0.168937 
-0.123053 -0.123517 
0.913613 0.919251 
-0.162031 -0.162944 
-0.128834 -0.129701 
-0.340195 -0.342019 
0.226855 0.228567 
-0.157152 -0.158115 
0.423725 0.426378 
-0.175516 -0.176277 
-0.159818 -0.160761 
0.164572 0.165688 
-0.350002 -0.351915 
0.554866 0.558287 
-0.315814 -0.317805 
0.216209 0.217347 
-2.047614 -2.060095 
-0.232735 -0.234189 
-0.003272 -0.003369 
6.420614 6.461211 
-0.452329 -0.455043 
0.093247 0.093941 
0.047518 0.047701 
-0.048814 -0.048793 
-0.173188 -0.174206 
-0.087442 -0.088090 
-0.184784 -0.185999 
0.006799 0.006839 
0.003958 0.003989 
0.069196 0.069645 
-0.290660 -0.292454 
-0.074424 -0.074918 
-0.068473 -0.069021 
-0.231780 -0.233218 
-0.245803 -0.247318 
-0.680660 -0.684823 
0.137583 0.138386 
0.092080 0.092785 
4.221608 4.247304 
0.502314 0.505151 
-0.323974 -0.326381 
0.058480 0.058889 
1.955560 1.967424 
0.064097 0.064482 
-0.199471 -0.200654 
0.637273 0.641245 
0.029305 0.029494 
-0.269604 -0.271255 
-0.039633 -0.039929 
0.173039 0.174171 
0.032033 0.032229 
0.480042 0.483105 
-0.098403 -0.098991 
-0.303858 -0.305706 
0.121510 0.122282 
-0.036382 -0.036744 
-0.156490 -0.157470 
-0.028481 -0.029092 
0.163343 0.164202 
-0.113291 -0.114172 
0.467195 0.470230 
1.982796 1.994407 
0.164229 0.164920 
-0.574200 -0.577718 
-0.105318 -0.105872 
-0.230173 -0.231859 
0.187811 0.188985 
-0.095793 -0.096096 
-0.126428 -0.127754 
0.386034 0.388267 
-0.263457 -0.265422 
-0.084825 -0.085204 
-4.283604 -4.309726 
0.318906 0.321030 
0.077243 0.077640 
1.671814 1.681861 
0.127525 0.128421 
0.178703 0.179663 
0.039034 0.039236 
0.355476 0.357934 
0.048744 0.048970 
-0.248975 -0.251099 
0.001280 0.001412 
0.172889 0.173933 
0.092951 0.093452 
0.151450 0.152332 
0.138037 0.138988 
-0.784374 -0.789242 
0.056870 0.057191 
-0.260520 -0.262394 
0.146461 0.147437 
-0.009254 -0.009339 
-0.011877 -0.011845 
-0.062777 -0.063252 
0.462363 0.465103 
-4.750645 -4.779480 
0.119753 0.120543 
0.010847 0.010908 
-0.082993 -0.083548 
0.716078 0.720488 
0.347333 0.349407 
0.311053 0.312904 
-0.090698 -0.091257 
0.868426 0.873766 
0.185607 0.186705 
0.173685 0.174926 
-0.059097 -0.059572 
-0.094538 -0.095210 
-0.023388 -0.024414 
0.342199 0.344198 
0.043236 0.043719 
0.219864 0.221121 
0.051603 0.051819 
-0.066534 -0.066908 
0.018267 0.018378 
-0.325208 -0.327134 
0.042503 0.042857 
-0.091475 -0.092007 
-0.144597 -0.145252 
-0.051899 -0.052199 
-0.260471 -0.262046 
-0.734885 -0.739323 
0.070486 0.070820 
0.019944 0.020071 
0.018450 0.018688 
2.009217 2.021530 
0.012453 0.012576 
-0.073523 -0.073946 
-0.298656 -0.300454 
0.210823 0.212050 
0.094709 0.095175 
-0.126299 -0.127162 
-0.036716 -0.036942 
-2.452726 -2.467757 
0.281080 0.282687 
0.005301 0.005319 
-0.139658 -0.140783 
-0.290813 -0.292530 
-0.061954 -0.061998 
0.070646 0.071221 
0.143678 0.144647 
-0.145791 -0.146757 
0.245934 0.247546 
-0.066440 -0.066784 
-0.118544 -0.119151 
0.524266 0.527439 
-0.220975 -0.222052 
-0.186588 -0.187738 
-0.135645 -0.136566 
0.144706 0.145583 
0.334939 0.336935 
0.057741 0.058107 
0.132974 0.133903 
0.318314 0.319502 
-0.052863 -0.053190 
0.056345 0.056670 
-0.105602 -0.106068 
0.055128 0.055567 
-0.142684 -0.143534 
-0.713753 -0.718009 
0.396092 0.398571 
0.270241 0.271985 
-0.124636 -0.125109 
-1.172553 -1.179619 
0.383595 0.385899 
-0.718355 -0.722682 
0.071053 0.071493 
-0.107486 -0.108144 
-0.161065 -0.161876 
-2.286036 -2.299922 
0.312243 0.314785 
-0.253577 -0.255085 
0.121517 0.122509 
0.045249 0.045406 
0.017466 0.017613 
-0.327816 -0.139429 
0.062235 0.062623 
-0.196769 -0.197931 
-0.054367 -0.054682 
-0.205079 -0.206345 
-0.103318 -0.103867 
-0.189165 -0.190302 
0.048686 0.048922 
0.057251 0.057592 
0.007583 0.007705 
-0.474153 -0.476960 
0.279984 0.281700 
-0.328944 -0.330956 
-0.186904 -0.187989 
0.214929 0.216256 
-0.474643 -0.477585 
-0.300872 -0.302736 
0.268522 0.270397 
0.077717 0.078285 
0.095345 0.095930 
-0.071415 -0.071824 
0.010309 0.010327 
0.078932 0.079281 
-0.188483 -0.189544 
0.023452 0.023616 
0.173549 0.174712 
0.021759 0.021944 
0.014973 0.015094 
0.232741 0.234227 
0.492542 0.495545 
0.048465 0.048594 
0.580886 0.584427 
-0.256919 -0.258431 
-0.164661 -0.165281 
0.226545 0.227674 
-0.016221 -0.016204 
-0.336417 -0.338487 
-0.162656 -0.163696 
-0.504110 -0.507165 
9.580426 9.638487 
0.479557 0.482360 
0.378892 0.381125 
0.112943 0.113755 
-0.012996 -0.013062 
-0.375008 -0.377378 
-0.033587 -0.034199 
0.282440 0.284140 
0.002444 0.002461 
-0.010936 -0.010977 
0.043235 0.043503 
1.100237 1.107256 
0.192352 0.193515 
-0.183103 -0.184202 
-0.190190 -0.191314 
-0.515252 -0.518073 
-0.145501 -0.146482 
-0.238064 -0.239447 
0.493182 0.496155 
-0.274144 -0.275839 
-0.200238 -0.201349 
-0.152036 -0.152937 
0.317693 0.319569 
-0.166650 -0.167481 
-0.001840 -0.001752 
-0.283144 -0.285072 
0.108374 0.109041 
0.184522 0.185706 
0.228765 0.230261 
0.018726 0.018977 
-0.152993 -0.154014 
0.517820 0.521051 
-0.989943 -0.996023 
1.017886 1.024030 
-0.340802 -0.342832 
-0.056827 -0.056956 
-0.103390 -0.104370 
-0.124319 -0.124819 
-0.379228 -0.381517 
0.029218 0.029369 
0.082667 0.083112 
0.071545 0.072228 
-0.061827 -0.062251 
0.105270 0.105923 
0.035642 0.035707 
0.227363 0.228811 
-0.152929 -0.153607 
-0.342697 -0.344777 
-0.109217 -0.109902 
-0.021861 -0.021753 
-0.266893 -0.268771 
0.437514 0.440149 
0.993884 0.999831 
-0.212015 -0.213068 
0.134431 0.135232 
-0.056275 -0.056698 
0.152518 0.153496 
0.137656 0.138546 
0.076811 0.077395 
0.465846 0.468965 
0.284872 0.286232 
0.000845 0.000746 
0.012712 0.012776 
-0.029479 -0.029503 
-1.712038 -1.722510 
-2.107247 -2.119658 
-0.066999 -0.067208 
1.116075 1.122927 
-0.224758 -0.226107 
-0.061590 -0.061964 
0.073934 0.074439 
0.336252 0.338226 
0.176994 0.177922 
-18.897934 -19.012758 
-0.161750 -0.162603 
0.264176 0.265785 
-0.014955 -0.014984 
-0.170798 -0.171811 
-0.118629 -0.119426 
-0.081139 -0.081631 
-0.041609 -0.041870 
-0.013526 -0.013756 
-0.146196 -0.147029 
0.340338 0.342356 
-0.167191 -0.168185 
-0.094826 -0.095531 
-0.059679 -0.059977 
-0.723419 -0.727930 
0.123623 0.124640 
-0.011247 -0.011297 
0.031050 0.031307 
0.069804 0.070158 
0.185630 0.186601 
-0.074158 -0.074648 
0.143876 0.144727 
-0.009152 -0.009269 
-0.219164 -0.220465 
0.015789 0.016240 
-0.016953 -0.017090 
